Title	tip	these	could	indent	commands	would	make	works	cheap	things	mmm	under	an	first	vi	another	handy	not	delete	states	back	around	ignore	how	jumping	matters	what	new	graywh	after	do	lot	window	knowing	open	other	right	keep	modified	current	take	allows	left	more	good	characters	without	given	doing	undo	reader	they	mode	value	add	paragraph	there	grab	following	here	run	does	change	options	very	then	changed	only	used	vertical	cursor	x	will	setting	disable	need	buffer	screen	useful	type	most	switching	flag	two	tips	makes	sure	just	allow	but	reformat	process	map	easy	rss	love	shell	standard	set	os	plugin	already	normal	nice	get	many	my	visited	file	way	ruler	me	spaces	page	backtick	so	introduction	pattern	one	should	filetype	has	horizontal	anonymous	much	up	ex	thought	modelines	tabs	previous	specific	than	know	few	work	which	really	about	had	while	beginning	because	tao	like	split	might	scrolling	always	when	typing	basic	tab	number	remap	levels	working	inside	code	key	actually	some	even	between	removing	see	or	windows	autocompletion	autowrite	equal	quick	little	also	extending	out	programming	time	replace	insert	thanks	support	been	list	all	give	lines	history	different	over	them	any	put	emacs	files	was	line	why	hit	using	applications	easier	next	into	eclipse	where	something	great	directory	find	no	found	name	converting
	17	14	14	0	0	17	0	0	0	0	0	0	32	14	18	0	0	51	0	0	0	17	0	34	0	0	0	0	0	0	0	0	0	0	17	0	0	0	0	31	0	0	0	0	0	0	0	0	0	0	0	0	18	14	17	0	14	0	0	0	31	34	0	0	0	0	0	0	17	18	45	18	82	0	18	17	0	18	0	28	0	18	0	0	0	0	17	17	0	99	0	17	0	0	0	0	0	0	0	18	17	0	0	17	34	0	17	0	45	31	0	31	0	0	0	0	18	0	42	0	0	14	18	0	0	0	0	14	0	0	14	0	0	17	0	31	17	0	14	28	17	0	17	0	0	18	0	0	0	17	0	0	0	14	0	0	0	0	0	0	0	31	0	0	0	34	17	0	18	0	0	0	14	0	0	14	0	0	18	0	17	18	0	0	0	0	0	0	0	0	0	65	0	0	0	14	91	0	0	34	18	18	34	17	18	0	0	17	0	0	34	0	17	0
	17	0	0	18	51	0	0	34	0	0	18	0	0	0	0	0	0	17	0	18	0	0	0	0	18	0	0	17	0	0	17	0	18	18	0	0	0	0	0	17	14	0	0	0	0	18	0	0	0	18	36	17	0	0	0	0	0	18	0	0	0	0	0	18	0	0	0	0	0	0	0	0	14	18	0	0	36	0	14	0	0	0	0	0	0	0	0	17	0	34	0	0	0	0	0	0	49	0	0	0	0	0	0	0	0	0	0	35	0	0	18	0	0	0	0	17	0	0	0	0	0	0	0	0	0	0	0	0	0	0	35	0	0	0	0	0	0	17	17	0	0	18	0	18	17	0	0	18	0	0	14	0	0	0	0	18	0	32	0	0	0	0	0	0	0	0	0	0	0	18	0	0	0	0	0	0	18	0	0	36	0	0	0	0	17	0	0	0	0	0	0	0	0	0	0	17	0	0	0	0	0	0	18	17	0	18	0	0	84	17	0	0	0	0
	0	15	0	0	0	0	0	0	0	0	0	0	0	0	0	0	0	15	0	0	0	0	0	0	0	0	0	0	0	0	0	0	0	0	0	0	0	0	0	0	0	0	0	0	0	0	0	0	0	0	0	0	0	0	0	0	0	0	0	0	0	0	0	0	15	0	0	0	0	0	0	0	0	0	0	0	0	0	0	0	0	0	0	0	0	0	0	0	0	0	0	0	0	0	0	0	0	0	0	0	0	0	0	0	0	0	0	0	30	0	0	0	0	0	0	0	0	0	0	0	0	0	0	0	0	15	0	0	0	0	0	0	0	0	0	0	0	0	0	0	0	0	0	0	0	0	0	0	0	0	0	18	0	0	0	0	15	0	0	0	0	0	0	0	0	0	15	0	0	0	0	0	0	0	0	15	0	0	0	0	0	0	0	0	15	0	0	0	0	0	0	15	0	0	0	0	0	0	0	0	0	0	0	0	0	0	0	0	0	0	14	0	0	0
	17	0	17	0	0	0	14	0	0	34	0	0	0	36	0	0	0	51	0	0	0	0	0	0	0	0	0	0	17	0	0	0	0	0	0	34	0	0	0	0	0	0	0	14	0	0	0	0	0	0	0	0	0	0	0	0	14	0	0	0	0	0	18	0	0	0	0	0	65	0	0	0	0	0	0	0	18	0	0	0	14	0	0	0	0	0	0	17	0	0	0	0	0	0	0	0	0	0	0	0	0	0	17	0	48	0	0	0	0	34	0	0	0	0	0	17	0	0	0	0	0	14	0	0	17	0	14	0	0	0	0	0	0	0	14	0	14	0	0	0	17	0	0	0	0	0	17	0	0	0	0	14	18	0	18	0	17	0	0	35	0	17	0	0	0	0	0	100	18	0	0	0	0	0	0	18	0	0	0	0	0	0	0	0	17	0	0	0	31	0	45	0	0	0	0	0	0	0	0	34	0	0	0	0	0	0	0	0	0	0	0	0	0	0
	1	0	0	0	14	14	0	0	0	0	0	0	0	0	0	0	0	17	0	0	0	0	0	0	0	0	0	0	0	0	0	0	0	0	0	0	0	0	0	14	0	0	0	0	0	18	0	0	0	0	0	0	0	0	0	0	0	0	28	0	0	0	0	0	0	0	0	0	0	0	0	0	17	0	0	0	14	0	0	0	0	0	0	0	0	0	0	0	0	0	0	0	0	0	0	0	0	0	0	0	0	0	0	0	0	0	0	0	0	0	0	0	0	0	0	0	0	36	0	0	0	0	0	16	0	14	1	0	0	0	15	14	0	0	0	0	0	0	0	0	0	0	0	0	0	0	0	0	0	0	0	0	0	0	0	0	0	0	0	0	0	0	0	0	35	0	0	0	0	0	0	0	0	14	0	0	0	0	0	0	0	0	0	0	14	17	63	0	0	0	0	0	0	0	0	0	0	0	0	0	0	0	0	0	0	0	0	0	0	0	0	0	0	0
	0	0	0	0	0	17	49	0	0	0	0	0	17	0	17	0	0	0	18	0	0	0	18	0	0	0	0	0	0	0	17	0	0	0	0	0	0	0	18	0	0	0	0	17	0	0	0	0	14	0	0	0	0	0	0	18	0	0	0	0	0	0	0	0	0	0	18	35	0	0	0	0	0	0	0	0	0	0	0	0	0	0	18	0	35	0	0	17	0	17	18	0	0	0	35	0	0	0	0	0	0	0	14	17	0	0	0	0	0	0	0	17	18	18	18	17	0	0	0	0	0	17	0	0	0	0	0	0	18	18	0	0	0	0	0	0	0	17	0	0	0	0	0	0	17	15	0	0	0	0	0	0	0	0	18	0	0	0	0	0	0	0	0	0	18	0	0	84	0	0	50	0	0	0	18	0	0	0	0	0	0	0	0	0	32	0	0	18	0	0	31	0	0	0	0	0	0	0	0	17	0	0	0	0	0	0	17	17	0	0	0	0	0	18
	0	0	0	18	0	0	0	0	0	0	18	0	0	0	0	0	0	0	0	18	0	17	0	0	35	0	0	0	0	0	0	0	49	18	14	0	0	0	0	0	0	0	0	0	0	18	0	0	14	18	36	0	0	0	0	0	0	18	0	0	0	0	0	18	0	0	0	0	0	0	14	0	0	18	0	0	68	0	0	0	0	0	0	0	0	0	0	0	0	0	0	0	0	0	0	0	0	0	0	0	0	0	0	0	0	17	17	18	0	0	18	0	0	0	0	0	0	0	0	0	0	0	0	16	0	0	0	0	0	0	18	14	0	0	0	0	0	0	0	0	0	18	0	18	0	14	0	18	0	0	0	0	0	28	0	18	0	0	0	0	0	0	0	0	0	0	0	14	0	18	0	0	0	0	0	0	18	0	0	36	17	0	0	0	0	0	0	0	0	0	0	0	0	0	0	0	0	0	0	17	0	0	18	0	0	18	0	0	18	0	0	0	0	0
	0	0	0	0	0	0	0	0	0	0	0	0	0	0	0	0	18	0	0	0	0	0	0	0	0	0	0	0	0	0	14	0	0	0	0	0	0	0	0	0	0	0	0	18	0	32	0	0	0	0	0	0	0	0	0	0	0	0	14	0	0	0	0	0	0	0	0	0	0	0	0	0	0	0	0	0	0	0	0	0	0	0	0	0	0	0	0	0	0	0	0	0	0	0	0	0	18	0	0	0	0	0	0	0	0	0	0	0	0	0	0	0	0	0	0	0	0	18	0	0	0	0	0	16	0	14	0	0	0	0	0	0	0	0	0	0	0	0	0	0	0	0	0	0	0	0	0	0	0	0	0	0	0	0	0	0	0	0	0	0	0	0	0	0	0	0	0	0	0	0	0	18	0	28	0	0	0	0	0	0	0	0	0	0	14	0	0	0	0	0	0	0	0	0	0	0	0	0	0	0	0	0	0	0	0	0	0	0	0	0	0	0	0	0
	0	17	0	0	0	102	17	0	0	0	0	0	34	17	0	0	0	48	0	0	0	0	0	0	0	0	34	0	17	0	0	34	0	0	0	0	0	0	0	0	34	0	0	17	14	0	0	17	0	0	0	0	0	34	0	0	0	0	0	0	0	51	0	0	85	51	0	0	0	0	0	34	0	0	0	17	0	0	0	0	17	0	0	0	0	0	14	0	0	34	0	0	0	17	0	0	0	0	0	0	0	0	0	0	17	0	0	0	0	0	0	0	0	0	0	17	0	0	0	0	0	17	0	48	17	51	0	14	0	0	0	0	0	0	0	0	0	0	0	0	0	0	0	0	0	0	0	0	0	0	0	17	0	0	0	0	0	0	0	0	17	17	0	0	0	0	17	0	0	0	0	0	0	0	0	17	0	0	0	0	14	0	0	0	17	17	0	0	0	17	17	0	0	34	0	14	0	0	0	0	0	17	0	0	0	0	0	0	0	0	0	0	0	0
	0	0	0	0	0	17	0	0	0	31	0	0	32	17	35	0	0	48	0	0	0	0	0	14	0	0	31	34	0	0	0	14	0	0	0	0	0	0	0	0	0	42	0	0	0	0	0	14	0	0	0	0	18	0	0	0	51	0	0	0	28	14	0	31	0	17	0	0	17	18	0	18	0	0	18	28	0	32	0	0	34	18	0	0	0	14	0	34	0	124	0	0	0	0	0	0	0	0	0	18	17	0	0	0	17	0	17	0	0	17	0	0	0	0	0	48	18	0	17	28	0	0	18	0	17	0	0	17	0	0	0	0	0	14	0	0	48	31	34	17	34	0	17	0	62	18	0	0	17	65	0	0	0	0	0	0	0	0	0	17	0	42	0	0	0	0	14	0	18	0	0	0	0	0	0	17	0	62	18	0	17	18	0	0	0	14	0	0	0	0	0	14	0	0	0	85	18	0	0	42	18	18	0	31	171	0	0	17	0	0	17	17	0	0
	0	0	0	0	0	0	0	0	0	0	0	0	0	0	0	0	0	14	0	0	0	0	0	0	0	0	14	0	0	0	0	0	0	0	0	0	0	0	0	0	0	0	0	0	0	0	0	0	0	0	0	0	0	0	0	0	0	0	0	0	0	0	0	0	0	0	0	0	0	0	0	0	0	0	0	0	0	0	0	0	0	0	0	0	0	0	14	0	0	14	0	0	0	0	0	0	0	0	0	0	0	0	0	0	0	0	0	0	0	0	0	0	0	0	0	0	0	0	0	0	0	0	0	0	0	0	0	0	0	0	0	0	0	0	0	0	0	0	0	0	0	0	0	0	0	0	0	0	0	0	0	0	0	0	0	0	0	0	0	0	0	0	0	0	18	0	0	0	0	0	0	0	0	0	0	0	0	0	0	0	0	0	0	0	0	0	18	0	0	0	0	0	0	0	0	0	0	0	0	0	0	0	0	0	0	0	0	0	0	0	14	0	0	0
	14	0	17	0	0	0	0	0	0	0	0	0	35	0	18	0	0	17	0	0	0	14	17	17	0	0	17	0	0	0	63	0	0	0	0	0	0	0	0	0	17	0	0	0	0	0	0	14	0	0	0	0	18	0	0	0	0	0	15	17	0	17	0	0	0	0	0	17	0	18	0	18	0	0	18	0	0	18	0	0	0	18	17	14	0	0	0	0	0	34	0	0	0	0	0	0	0	0	0	18	0	0	0	0	17	0	14	0	49	0	0	14	0	0	0	34	18	0	0	0	0	0	18	32	0	0	17	0	0	0	0	0	0	17	0	0	14	0	0	0	0	0	0	0	0	18	0	0	0	0	0	0	0	14	0	0	0	0	17	0	0	45	0	0	0	0	0	0	18	0	0	0	0	48	0	65	0	0	69	0	0	18	0	0	63	14	0	0	14	0	14	17	0	0	28	0	18	0	0	17	18	18	0	14	18	28	0	0	14	65	17	0	17	0
	0	17	34	0	0	0	49	0	0	0	0	0	0	0	0	0	0	0	18	0	0	14	36	0	0	0	0	0	17	0	31	0	0	0	0	0	0	0	67	0	0	0	0	0	0	0	0	0	0	0	17	0	0	0	0	18	31	0	0	0	0	0	0	0	0	0	18	18	0	0	0	0	0	0	0	17	14	0	0	0	0	0	36	0	18	14	0	0	17	31	18	0	0	0	18	0	0	0	17	0	0	14	0	0	14	0	0	0	42	0	0	0	18	18	18	0	0	0	0	17	0	0	0	0	17	0	0	0	18	18	0	0	14	0	0	0	0	17	0	0	0	0	0	0	28	0	0	0	0	14	0	0	0	0	18	0	14	0	0	0	14	0	0	0	18	0	17	36	0	0	18	0	0	17	18	0	0	0	0	0	17	0	0	0	52	0	0	18	14	0	17	14	0	0	14	0	0	0	0	14	0	0	0	0	0	0	14	0	0	0	0	0	0	18
	17	0	0	0	0	17	0	0	0	0	0	117	17	0	0	17	0	34	0	0	17	0	0	0	0	0	0	0	0	0	17	0	0	0	0	17	18	0	0	17	0	0	35	17	0	31	0	14	0	0	0	0	14	49	0	0	0	0	0	14	0	17	0	0	0	0	17	0	0	0	137	0	17	18	17	0	0	17	0	14	0	0	0	17	0	0	0	34	0	14	0	0	18	0	0	0	14	0	323	0	0	0	14	0	0	0	68	0	0	0	0	17	0	0	0	0	0	0	0	0	18	0	0	16	0	0	14	0	0	0	14	0	0	0	0	0	0	0	0	0	0	0	0	0	17	0	0	0	17	68	0	0	0	0	0	0	0	0	0	0	0	14	0	17	0	0	34	0	0	0	0	0	0	17	0	14	0	0	0	0	0	0	0	31	0	0	17	0	0	0	17	0	17	0	35	17	51	0	14	45	0	0	0	14	0	17	0	0	0	18	0	0	0	0
	0	34	28	0	0	31	17	34	0	0	0	0	34	67	0	0	0	31	0	0	17	0	0	17	14	0	17	17	0	34	99	0	45	0	14	51	17	0	0	34	17	0	0	113	0	0	0	0	0	0	0	0	48	0	51	0	34	0	28	0	0	65	35	31	0	34	0	17	0	0	14	17	82	0	17	17	52	14	0	28	17	17	0	0	0	0	0	48	0	45	0	0	0	17	0	0	0	0	34	17	31	0	14	0	17	0	0	0	96	17	0	31	0	0	0	65	0	0	34	0	68	14	0	16	17	34	0	0	0	0	0	14	79	31	17	17	76	0	14	14	17	14	0	0	82	0	0	0	17	34	0	0	18	0	14	0	0	0	34	18	0	31	0	17	0	42	45	18	81	0	0	0	17	17	0	80	0	17	0	76	14	0	14	51	65	17	17	0	0	31	17	17	34	0	17	0	0	0	0	34	0	14	0	0	17	0	48	17	0	0	14	0	17	0
	0	0	0	0	0	0	0	0	0	0	0	0	0	0	0	0	0	17	17	0	0	0	0	0	0	0	14	0	0	0	14	0	0	0	0	0	0	0	0	14	0	0	0	0	0	0	17	0	17	0	0	0	0	0	0	0	17	0	31	0	0	0	0	0	0	17	0	17	0	0	0	0	34	0	0	0	0	35	0	0	0	0	0	0	0	0	0	31	0	0	0	0	0	0	0	0	0	0	0	0	0	0	0	0	0	34	17	0	17	34	0	17	0	0	0	17	0	0	0	0	0	0	0	16	17	0	0	0	0	35	0	0	0	31	0	17	0	0	17	0	0	0	0	0	0	0	0	0	0	17	17	0	0	0	0	0	0	0	0	0	0	0	0	0	0	17	0	0	0	0	0	0	0	0	0	0	0	0	0	0	17	0	17	0	0	0	0	0	0	0	0	0	17	0	0	0	0	0	0	18	0	0	0	17	0	0	0	0	0	0	0	0	0	0
	0	0	62	0	0	114	0	0	0	31	0	0	62	50	0	65	0	46	0	0	49	0	0	14	0	0	0	31	0	17	28	0	0	0	0	14	0	0	0	0	0	0	18	0	42	17	14	14	18	0	0	17	0	0	0	0	31	0	14	0	0	14	35	0	14	0	0	32	31	0	17	34	0	0	0	0	18	0	0	0	0	0	0	0	0	0	28	99	0	144	0	0	0	14	0	0	0	0	17	0	0	0	0	0	42	14	82	0	31	0	0	80	0	0	0	97	0	0	65	14	0	17	0	16	14	59	0	17	0	0	0	0	14	0	31	31	14	17	0	177	0	0	0	0	17	0	0	0	0	46	0	0	18	0	0	0	31	0	0	18	17	34	17	0	0	14	49	35	18	0	0	0	31	0	0	49	0	0	0	0	0	0	0	0	17	0	35	0	28	52	0	14	0	0	17	270	0	17	18	17	0	0	14	14	0	0	0	0	17	18	14	0	14	0
	14	0	34	0	0	17	17	51	0	17	0	0	34	17	0	0	0	17	0	0	0	17	0	0	0	18	17	0	17	0	170	0	0	0	0	17	0	31	17	31	0	0	0	17	0	0	0	0	17	0	0	0	18	0	0	0	0	0	0	17	96	17	17	0	17	17	17	0	0	0	0	0	34	0	0	17	51	0	0	34	0	0	0	0	0	0	17	82	0	68	0	0	100	0	0	0	0	14	18	0	0	0	0	0	34	0	59	0	85	17	0	17	17	0	0	82	0	0	34	17	0	0	0	0	0	0	18	0	0	0	0	0	0	17	0	0	0	17	0	14	14	0	17	0	0	0	0	0	14	51	0	0	0	0	0	0	0	0	17	34	34	34	0	0	0	0	82	34	0	0	0	0	34	51	0	17	18	34	14	18	34	0	0	17	34	0	0	0	34	0	34	34	17	18	34	14	0	18	45	0	0	0	34	18	0	0	17	17	0	0	17	14	17	0
	0	0	0	18	0	30	14	0	0	0	18	0	0	0	0	14	0	0	14	18	0	0	0	0	18	0	0	0	0	0	28	0	18	18	15	0	0	0	14	28	0	0	0	0	0	18	0	0	0	18	68	0	0	0	0	0	0	18	0	0	0	0	0	18	0	0	0	0	0	0	0	0	0	18	0	0	64	0	0	14	0	0	0	0	0	0	0	0	0	29	0	0	0	0	0	0	0	0	0	0	0	0	0	0	0	0	0	18	30	15	18	0	0	0	0	14	0	0	0	0	0	0	0	0	0	0	0	0	0	0	18	0	0	14	0	0	14	0	0	15	0	18	0	18	0	0	0	18	0	0	0	0	0	0	0	18	0	0	0	0	14	0	0	0	0	0	29	0	0	18	0	0	0	0	0	0	18	0	0	36	0	0	15	0	58	0	0	0	0	0	0	0	0	0	30	0	0	0	0	0	0	0	18	0	0	18	14	15	18	0	14	0	0	0
	0	0	0	0	0	0	0	0	0	0	0	0	0	0	0	0	14	0	0	0	0	0	0	0	0	0	0	0	0	0	0	0	0	0	0	0	0	0	0	0	0	0	0	0	0	0	0	0	0	0	0	0	0	0	0	0	0	0	0	0	0	0	0	0	0	0	0	0	0	0	0	0	14	0	0	0	0	0	0	0	0	0	0	0	0	0	0	0	0	0	0	0	0	0	0	0	0	0	0	0	0	0	0	0	0	0	0	0	0	0	0	0	0	0	0	17	0	17	0	0	0	0	0	16	0	0	0	0	0	0	0	0	0	0	0	0	0	0	0	0	0	0	0	0	0	0	0	0	0	0	0	0	0	0	0	0	0	0	0	0	0	0	0	0	35	0	0	0	0	0	0	0	0	0	0	0	0	0	0	0	0	0	0	0	0	0	64	0	0	0	0	0	0	0	0	0	0	0	0	0	0	0	0	0	0	0	0	0	0	0	0	0	0	0
	0	0	0	0	0	17	18	0	0	0	0	0	0	0	0	0	0	34	18	0	0	0	18	0	0	0	17	0	0	0	0	0	0	0	0	0	0	0	18	0	0	0	0	0	0	0	0	0	0	0	0	0	0	0	0	18	17	0	0	0	0	0	0	0	0	0	18	18	0	0	0	0	0	0	0	0	0	0	0	0	0	0	18	0	18	0	0	0	0	17	18	0	0	0	18	0	0	0	0	0	0	0	0	0	0	0	0	0	14	31	0	0	70	18	18	0	0	0	0	0	0	0	0	16	0	17	0	0	18	69	0	0	17	0	0	0	0	17	17	0	0	0	0	0	0	0	0	0	0	0	0	0	17	0	18	0	0	0	0	0	0	0	17	0	18	0	0	36	0	0	18	14	0	0	18	0	0	0	0	0	0	0	0	0	18	0	0	18	0	0	0	0	0	0	0	17	0	0	0	17	0	0	0	51	0	0	0	0	0	0	0	0	0	35
	0	0	0	0	0	0	0	0	0	0	0	0	0	0	0	0	0	0	0	0	0	0	0	0	0	0	0	0	0	0	14	0	0	0	0	0	0	0	0	0	0	0	0	0	0	18	0	0	14	0	0	0	0	0	0	0	0	0	0	0	0	0	0	0	0	0	0	0	0	0	0	0	0	0	0	0	0	0	0	0	0	0	0	0	0	14	0	0	0	0	0	0	0	14	0	0	0	0	0	0	0	0	0	0	0	0	0	0	0	0	0	0	0	0	0	0	0	18	0	0	0	0	0	0	0	0	0	0	0	0	0	0	0	0	0	0	0	0	0	0	0	0	0	0	0	0	0	0	0	14	0	0	0	0	0	0	0	0	0	0	0	0	0	0	18	0	0	0	0	0	0	0	0	0	0	0	17	0	0	0	0	0	0	0	0	0	18	0	0	0	0	0	0	0	0	0	0	0	0	0	0	0	0	0	0	0	0	0	0	14	14	0	0	0
	17	0	0	0	0	0	14	0	0	0	0	18	28	0	0	0	0	0	0	0	0	0	0	28	0	0	0	15	0	0	0	0	0	0	0	0	32	0	0	0	0	0	18	0	0	0	17	0	0	0	0	0	0	18	0	0	0	0	14	0	0	0	0	0	0	0	0	0	0	0	18	0	0	18	0	0	0	0	0	0	0	0	0	0	0	0	0	0	0	0	0	0	50	0	0	0	0	0	0	0	0	0	0	0	0	0	0	0	0	0	0	0	0	0	0	0	0	0	0	0	18	0	0	0	0	0	0	0	0	0	0	0	14	0	0	0	0	0	0	0	0	0	0	0	14	0	0	0	0	0	0	0	0	0	0	0	0	0	0	0	0	0	0	0	0	0	0	0	0	0	0	0	0	17	0	0	0	0	0	0	0	0	14	0	0	0	0	0	0	0	0	17	0	0	18	0	0	0	0	14	0	0	0	0	0	0	0	0	0	18	0	0	0	0
	0	28	0	0	28	0	14	0	35	0	0	0	0	0	0	0	0	0	0	0	18	0	0	0	0	0	0	0	0	0	0	14	0	0	0	14	0	0	0	0	0	0	0	0	0	0	0	0	0	0	0	0	0	0	0	0	0	0	0	14	0	0	0	0	0	28	0	0	0	0	0	0	0	0	0	0	0	0	28	0	14	0	0	28	0	18	0	0	14	14	0	35	0	18	0	0	17	42	0	0	18	0	0	0	0	0	0	0	0	0	0	0	0	0	0	0	0	0	14	0	0	0	0	0	0	0	0	0	0	0	0	0	0	0	14	14	14	0	0	0	0	0	0	0	0	0	0	0	0	0	0	28	0	0	0	0	0	0	0	18	0	0	0	0	0	0	0	0	0	0	0	0	0	0	0	0	0	0	0	0	0	0	0	0	0	0	0	0	0	0	0	14	0	0	0	0	0	0	0	0	0	0	0	0	0	0	0	0	0	0	14	14	0	0
	0	34	0	18	0	0	0	0	0	0	18	0	0	0	0	0	0	0	0	18	0	0	0	0	18	0	48	0	0	0	14	17	18	35	0	0	0	17	17	42	0	0	0	17	0	18	0	0	0	18	36	17	14	0	0	0	0	18	0	0	0	0	0	35	0	0	0	17	0	0	17	0	34	18	0	0	36	0	17	17	34	0	17	0	0	0	0	0	0	0	0	0	0	0	0	17	0	0	0	0	0	0	14	0	0	0	0	18	46	0	18	0	0	0	0	0	0	0	0	0	0	14	0	16	0	34	0	0	0	0	18	0	0	31	0	0	0	0	0	0	0	18	0	18	0	0	0	18	0	17	0	0	0	51	0	18	17	14	0	0	0	0	0	0	0	17	28	0	0	18	0	0	34	17	0	0	18	0	0	36	17	0	14	0	31	17	17	0	0	0	0	0	17	0	0	0	48	0	14	0	0	0	18	0	0	52	0	17	18	17	0	0	0	0
	0	0	0	0	0	0	0	0	18	0	0	0	34	0	0	0	0	34	0	0	18	0	0	0	0	0	0	0	0	0	15	0	0	0	0	0	0	0	0	0	0	0	0	14	0	0	0	0	0	0	0	0	0	0	0	0	17	0	0	0	0	0	0	0	0	0	0	0	0	0	0	14	17	0	0	0	0	0	0	0	0	0	0	0	0	18	0	17	0	0	0	18	0	32	0	0	1	0	0	48	18	0	0	0	17	0	0	0	14	0	0	0	0	0	0	48	0	0	0	14	0	34	0	0	0	17	0	0	0	0	0	0	0	0	0	14	0	0	0	0	0	0	0	0	0	0	0	0	0	0	0	0	0	0	0	0	0	0	0	18	0	0	34	0	0	0	31	0	0	0	0	0	0	0	0	0	0	0	0	0	0	0	0	0	0	0	0	0	0	0	0	0	0	0	14	0	0	0	0	0	0	0	0	0	0	0	0	0	14	14	0	0	0	0
	0	0	0	0	0	0	0	0	0	0	0	0	0	0	0	0	0	0	0	0	0	0	0	0	0	0	0	0	0	0	0	0	0	0	0	0	0	0	0	0	0	0	0	0	0	0	0	0	0	0	0	0	0	0	0	0	0	0	0	0	42	0	0	0	0	0	0	0	0	0	0	0	0	0	0	0	0	0	14	14	0	0	0	0	0	0	0	0	0	0	0	0	0	0	0	0	0	0	0	0	0	14	0	0	0	0	0	0	0	0	0	14	0	0	0	0	0	0	0	0	0	28	0	0	0	0	0	0	0	0	0	0	0	0	0	14	0	0	0	0	0	0	0	0	0	0	0	0	0	0	0	0	0	0	0	0	14	0	0	0	0	0	0	0	0	0	0	0	0	0	0	0	0	0	0	0	0	0	0	0	0	0	14	0	0	0	0	0	0	0	0	0	0	0	0	0	0	0	0	0	0	0	0	0	0	0	0	0	0	0	14	0	0	0
	0	0	0	0	0	0	0	0	0	0	0	17	0	0	0	0	0	0	0	0	0	0	0	0	0	0	0	0	0	0	28	0	0	0	0	0	0	0	0	0	0	0	0	0	0	35	0	0	0	0	0	0	0	0	0	0	0	0	0	0	0	0	0	0	0	0	0	0	0	0	17	0	0	0	0	0	0	0	0	0	0	0	0	0	0	0	0	0	0	0	0	0	0	0	0	0	0	0	0	0	0	0	0	0	17	0	0	0	0	0	0	0	0	0	0	0	0	18	0	0	0	0	0	0	0	0	0	0	0	0	0	0	0	17	0	0	0	0	0	0	0	0	0	0	14	0	0	0	0	0	0	0	0	0	0	0	0	0	0	0	0	0	0	0	18	0	17	0	0	0	0	0	0	31	0	0	0	0	15	0	0	0	0	0	0	0	18	0	0	0	0	0	0	0	0	0	0	0	0	17	0	0	0	0	0	0	0	0	0	29	0	0	0	0
	0	0	14	0	17	14	18	0	0	0	0	0	0	0	0	0	0	0	18	0	0	0	18	17	0	0	0	0	0	0	17	0	0	0	0	0	0	17	18	14	0	14	0	14	17	0	0	0	0	0	0	0	0	0	0	18	0	0	0	0	0	0	0	14	0	0	18	18	0	0	0	0	0	0	17	0	0	0	0	0	0	0	18	0	18	0	0	0	0	34	18	0	0	0	18	0	0	0	14	0	0	0	0	0	0	0	0	0	0	0	0	0	18	18	18	0	0	0	0	0	0	17	0	32	0	0	0	0	83	32	0	14	0	17	0	0	0	0	0	17	0	0	0	0	14	0	17	0	0	0	0	0	0	17	18	0	0	0	0	0	0	0	0	0	18	14	0	36	0	0	18	0	0	0	18	17	0	0	0	14	0	0	0	17	35	0	0	18	0	0	0	0	0	0	0	0	0	0	0	0	0	0	0	0	0	0	0	0	0	17	0	0	0	18
	0	0	0	0	0	0	0	0	0	0	0	0	0	0	0	0	18	0	0	0	0	0	0	0	0	0	0	0	0	0	0	0	0	0	0	0	17	0	0	14	0	0	0	18	0	18	31	0	0	0	0	0	14	0	0	0	0	0	0	0	0	0	0	0	0	0	0	0	0	0	0	0	28	0	0	0	0	0	0	0	0	0	0	0	0	0	0	0	0	0	0	0	0	0	0	0	18	0	0	0	0	0	14	0	0	0	0	0	0	0	0	0	0	0	0	0	0	18	0	0	0	0	0	0	0	0	0	0	0	0	0	0	0	0	0	0	0	0	0	0	0	0	0	0	0	0	0	0	0	0	0	0	0	0	0	0	0	0	0	0	0	0	0	0	0	0	0	0	0	0	0	36	0	0	0	0	0	0	0	0	0	0	0	0	0	0	0	0	0	0	0	0	0	0	0	0	0	0	0	0	0	0	0	0	0	0	0	0	0	0	0	0	0	0
	0	0	0	18	0	0	0	0	0	0	18	0	17	0	0	17	0	17	0	18	17	0	0	0	18	0	0	17	0	0	0	17	18	18	0	0	0	0	0	48	0	0	0	17	17	18	17	0	17	18	36	0	0	0	0	0	0	18	0	0	0	0	0	18	17	0	0	0	0	0	0	0	17	18	0	0	70	0	17	0	0	0	0	0	0	0	0	0	17	0	0	0	0	0	0	0	0	0	17	0	0	0	0	0	0	0	17	18	0	0	18	0	0	0	0	17	0	0	0	0	0	17	0	16	0	0	0	0	0	0	18	0	0	0	0	0	17	0	0	0	0	18	17	18	17	0	0	18	0	17	0	0	0	0	0	18	0	0	0	0	0	0	0	0	0	0	0	0	0	67	0	0	0	34	0	17	18	0	0	36	0	0	17	0	0	0	0	0	0	0	0	0	0	0	0	0	0	0	0	0	17	0	18	0	0	18	0	0	18	17	0	0	0	0
	17	0	0	18	0	0	0	0	0	0	18	0	0	0	0	17	0	0	0	18	14	0	0	0	18	0	0	0	0	14	0	0	18	18	0	17	0	0	0	14	14	0	0	17	0	18	17	0	0	18	36	0	31	0	0	0	0	18	0	0	0	17	0	18	0	0	0	0	0	0	0	0	14	18	0	0	50	0	0	0	17	0	0	0	0	17	0	0	0	0	0	0	0	17	0	0	0	0	0	0	0	0	28	0	0	0	0	18	0	0	18	0	0	0	0	17	0	0	0	17	0	0	0	0	0	0	0	0	0	0	18	0	17	0	0	0	17	0	0	0	0	18	17	18	17	0	0	18	0	0	0	0	0	0	0	18	0	0	0	0	0	0	0	0	0	0	0	0	0	18	0	0	0	0	0	0	18	0	0	85	0	0	0	0	17	0	0	0	0	0	17	17	0	0	0	0	0	0	0	0	0	0	18	17	0	46	17	14	18	0	0	0	0	0
	0	31	0	0	0	0	0	0	0	17	0	0	0	0	0	0	0	0	14	0	0	17	0	0	0	0	14	17	0	0	17	0	17	0	0	0	0	17	0	0	0	0	0	14	0	0	0	0	0	0	0	0	0	0	0	0	31	0	0	0	0	0	0	0	0	0	0	0	0	0	17	0	17	0	0	0	17	0	0	0	0	0	0	17	0	0	0	51	0	34	0	0	0	0	0	0	0	0	0	0	0	0	0	0	0	17	14	0	0	0	0	0	0	0	0	0	0	14	0	0	0	0	0	0	0	0	17	0	0	0	0	0	0	0	0	0	0	0	0	17	0	0	0	0	17	0	0	0	0	17	17	0	0	17	0	0	0	0	0	0	17	31	0	17	0	48	48	0	0	0	0	0	0	17	0	0	0	17	0	35	17	0	17	31	14	17	0	0	0	0	17	0	0	0	0	14	17	0	0	17	0	0	0	17	0	0	17	0	0	0	17	0	0	0
	0	14	0	18	14	0	0	0	0	0	18	0	14	0	0	0	0	0	0	18	0	0	0	17	18	0	34	0	0	0	17	0	97	18	0	0	0	0	0	76	0	0	0	0	0	18	34	0	0	18	36	0	17	0	0	0	34	18	0	0	0	0	0	18	0	0	0	0	0	0	82	0	17	18	0	0	36	17	34	0	0	0	0	0	0	0	0	34	0	34	0	0	0	0	0	0	0	0	0	0	0	17	34	0	0	0	0	18	0	34	18	0	0	0	0	17	0	0	0	0	0	0	0	16	0	0	0	0	0	0	18	0	0	0	0	0	0	0	0	0	17	18	0	18	0	0	0	53	0	0	0	0	0	0	0	18	0	0	0	0	0	17	0	0	0	0	17	0	0	18	0	0	0	17	0	17	18	0	0	70	17	0	17	0	0	0	0	0	0	0	0	0	17	0	0	17	17	0	45	14	0	0	18	0	0	18	17	0	18	0	0	0	0	0
	0	0	0	18	0	0	0	0	0	0	18	0	0	0	0	0	0	0	0	18	0	0	0	0	18	0	0	14	0	0	0	0	18	18	0	0	0	0	0	0	0	0	0	0	0	18	0	0	0	18	36	0	0	0	0	0	0	18	0	0	0	0	0	50	0	0	0	0	0	0	0	0	14	35	0	0	36	0	0	0	0	0	0	0	0	0	0	14	14	0	0	0	0	0	0	0	0	0	28	0	0	0	0	14	0	0	0	18	0	14	18	0	0	0	0	0	0	0	0	0	0	0	0	0	0	0	0	0	0	0	18	0	0	0	0	0	0	0	0	0	0	18	0	18	0	0	0	18	0	0	14	0	0	0	0	18	0	14	0	0	0	0	0	0	0	0	0	0	0	18	0	0	0	0	0	0	18	0	0	36	0	0	0	0	0	0	0	0	0	0	0	0	0	0	0	0	0	0	0	0	0	0	18	0	0	18	0	0	18	0	14	0	0	0
	0	0	17	0	0	0	0	0	17	0	0	0	18	0	18	0	0	0	0	0	17	0	0	0	0	0	17	0	0	0	0	0	0	0	0	0	0	17	0	0	17	0	0	48	0	0	0	0	0	0	0	0	18	0	14	0	14	0	14	0	0	0	0	34	0	0	0	0	0	18	0	18	0	0	36	0	0	18	0	0	0	18	0	0	0	0	0	14	0	0	0	0	0	17	0	0	0	0	0	18	0	0	0	0	17	0	31	0	0	14	0	0	0	0	0	0	18	0	0	0	14	34	18	0	0	17	0	0	0	0	0	0	14	0	0	0	0	0	0	0	0	0	0	0	0	18	0	0	0	14	0	0	0	0	0	0	0	0	0	0	0	0	0	0	0	0	0	0	49	0	0	0	17	0	0	0	0	0	18	0	34	18	17	0	0	0	0	0	17	0	17	0	0	0	0	0	35	0	0	0	18	18	0	0	18	0	0	17	0	0	0	0	0	0
	0	0	0	0	14	0	0	0	0	0	0	0	28	0	0	0	0	0	0	0	0	0	0	0	0	0	0	0	0	0	0	0	0	0	0	0	0	0	0	0	0	0	0	0	0	0	0	0	0	0	0	0	0	0	0	0	0	0	14	0	0	0	0	0	0	0	0	0	0	0	0	0	0	0	0	0	0	0	14	0	0	0	0	0	0	0	0	0	0	0	0	0	0	0	0	0	0	0	0	0	0	0	0	0	0	0	0	0	1	0	0	0	0	0	0	0	0	0	0	0	0	0	0	0	0	0	0	0	0	0	0	14	0	0	0	0	0	0	0	0	0	0	0	0	0	0	0	0	0	0	0	35	0	0	0	0	0	14	0	0	0	0	0	0	0	0	14	0	0	0	0	0	0	0	0	0	0	0	0	0	0	0	0	14	0	0	0	0	0	0	0	0	0	0	15	0	0	0	0	0	0	0	0	0	0	0	0	0	0	0	14	0	0	0
	0	0	0	0	0	0	0	0	18	0	0	0	14	0	0	0	0	0	0	0	18	0	0	0	0	0	0	14	0	0	0	0	0	0	0	0	0	0	0	0	0	0	0	0	0	0	0	0	0	0	0	0	0	0	0	0	0	0	28	0	0	0	0	0	0	0	0	0	0	0	0	0	0	0	0	0	0	0	0	0	0	0	0	0	0	35	0	0	0	0	0	18	0	35	0	0	0	0	0	0	50	0	0	0	0	0	14	0	0	0	0	0	0	0	0	0	0	0	0	0	0	0	0	0	0	0	0	0	0	0	0	0	0	0	0	0	0	0	0	0	14	0	0	0	0	0	0	0	0	0	0	0	0	0	0	0	0	0	0	18	0	0	0	0	0	0	0	0	0	0	0	0	0	0	14	0	0	0	0	0	0	0	14	0	0	0	0	0	0	0	14	0	0	0	0	0	0	0	0	28	0	0	0	0	0	0	0	0	0	0	14	0	0	0
	0	0	0	0	0	0	18	17	0	0	0	0	0	0	17	34	0	17	18	0	0	14	18	0	0	17	17	0	17	17	0	0	0	0	0	0	0	0	18	0	0	0	0	17	0	0	0	0	14	0	0	0	0	0	0	18	14	0	0	0	0	17	0	0	0	0	18	52	17	0	0	0	51	17	0	0	0	0	0	0	0	0	18	0	18	0	0	0	0	14	18	0	0	0	18	0	0	0	0	0	0	0	0	0	17	0	0	0	48	14	0	0	18	18	18	0	0	0	17	0	0	0	0	32	0	0	0	0	18	18	0	0	0	0	14	0	0	0	0	0	0	0	0	0	17	0	0	0	0	17	0	0	0	0	18	0	0	0	0	0	34	0	0	0	52	0	34	36	0	0	18	14	17	0	18	0	0	0	0	0	0	0	0	0	35	0	0	18	0	0	17	0	0	0	0	0	34	0	0	17	0	0	0	17	0	17	0	0	0	17	0	0	0	18
	0	14	0	0	0	0	0	0	0	0	0	18	0	0	0	0	0	0	0	0	0	0	0	17	0	0	0	17	17	0	0	0	0	0	0	0	18	0	0	31	0	0	18	0	0	0	0	0	0	0	0	0	0	35	0	0	0	0	0	0	0	0	17	0	14	0	0	0	0	0	18	0	17	35	0	0	0	0	0	0	0	0	0	0	0	0	0	0	0	0	0	0	18	0	0	0	0	0	49	0	0	17	0	0	17	0	0	0	31	0	0	0	0	0	0	0	0	0	0	0	98	17	0	0	0	0	0	0	0	0	0	0	0	14	0	0	0	0	0	0	0	0	0	0	0	0	0	0	0	14	0	0	0	0	0	0	0	0	0	0	0	14	17	0	0	17	0	0	0	0	0	0	0	0	0	0	0	0	0	0	0	0	17	0	0	0	0	0	0	0	0	0	0	0	18	0	0	0	0	0	0	0	0	0	0	0	17	0	0	18	0	0	17	0
	0	28	14	0	0	0	0	0	0	0	0	0	14	0	0	0	0	34	0	0	0	0	0	0	0	18	48	0	0	45	0	0	0	0	0	0	0	0	0	0	14	0	0	0	99	0	0	0	0	0	0	17	18	0	0	0	17	0	0	31	0	0	0	0	17	0	0	0	0	0	0	0	0	0	0	0	0	0	0	0	0	34	0	0	0	0	17	34	0	107	0	0	0	0	17	17	0	0	18	0	0	17	0	34	17	0	87	0	0	0	0	65	0	0	0	14	0	0	34	17	0	28	0	64	17	0	18	14	0	0	0	0	0	17	14	0	0	17	48	14	0	17	0	0	65	0	14	0	17	0	0	0	0	0	0	0	0	14	0	0	0	28	0	0	0	0	0	0	0	0	0	0	0	0	0	0	18	56	0	18	0	0	28	0	45	0	0	0	0	0	0	14	14	192	0	85	0	35	0	0	0	0	14	18	0	0	17	17	0	31	0	0	0	0
	17	0	0	18	0	17	17	0	0	17	0	0	28	0	0	0	0	0	0	36	0	0	0	17	0	0	0	14	0	0	0	0	0	0	0	17	0	0	0	0	0	0	0	49	14	0	0	0	0	28	14	0	18	0	0	0	0	0	14	18	0	0	0	0	14	0	0	14	0	0	0	0	0	0	0	17	0	0	0	112	0	0	0	0	18	0	0	0	0	0	0	0	0	0	0	0	0	0	0	0	18	0	32	0	0	0	48	0	0	0	0	48	0	0	0	0	0	0	0	17	0	17	0	62	0	28	0	0	0	0	14	18	14	0	14	0	0	17	17	0	0	0	0	0	0	0	0	0	0	0	14	0	0	0	0	0	17	0	0	0	0	17	0	0	0	17	0	0	0	0	0	0	17	0	0	0	0	14	0	0	0	0	0	0	0	0	0	0	14	0	0	0	0	0	0	17	18	0	0	42	0	0	0	0	0	0	0	0	0	0	0	0	0	0
	0	0	0	0	0	0	18	17	0	17	0	0	0	0	0	0	0	0	49	0	0	0	18	0	0	0	0	0	0	0	0	0	0	0	0	14	0	0	18	31	0	0	0	17	0	0	0	0	0	0	0	0	14	0	0	18	0	0	0	0	0	0	0	0	0	17	18	18	0	0	17	0	14	0	0	0	0	0	0	0	0	0	18	0	18	0	0	0	0	0	18	0	0	0	18	0	0	0	17	0	0	0	14	0	0	0	0	0	0	0	0	0	18	35	18	0	0	0	0	0	0	0	0	16	0	0	0	0	18	18	0	0	0	0	0	17	17	0	0	0	0	0	0	0	0	0	17	0	0	0	14	0	0	0	18	0	0	0	0	0	0	0	0	0	18	0	0	36	0	0	18	0	0	0	18	0	0	0	0	0	0	0	0	0	18	0	0	18	0	0	0	0	0	0	0	0	0	0	0	0	0	0	0	0	0	0	0	0	0	0	0	0	0	18
	17	0	0	18	0	34	17	0	0	0	18	0	0	31	0	0	0	51	17	18	0	0	0	0	18	0	34	0	0	0	68	0	18	18	17	0	0	0	0	28	28	0	0	0	0	18	0	0	0	18	36	0	14	0	0	0	0	18	17	0	0	17	0	18	0	0	0	0	0	0	17	0	45	18	0	0	53	0	17	0	0	0	0	0	0	0	17	0	0	17	0	0	0	17	0	0	0	0	0	0	0	0	14	0	0	0	0	18	51	0	18	0	0	0	0	17	0	0	17	17	0	0	0	16	0	0	0	0	0	0	18	17	0	17	0	0	17	34	0	0	0	36	0	18	17	0	0	18	17	0	0	0	0	0	0	18	0	0	0	34	0	0	0	0	0	0	17	0	0	18	0	0	0	0	0	17	18	0	17	36	0	0	0	0	0	0	0	0	0	0	0	0	17	0	0	0	99	0	0	0	0	0	18	0	0	18	17	0	18	0	0	17	0	0
	0	0	0	0	0	14	14	0	18	0	0	0	28	0	0	0	0	0	0	0	117	14	0	0	0	0	0	0	0	14	0	0	0	0	14	14	0	51	0	0	0	0	0	31	31	0	0	14	0	0	0	28	0	0	0	0	14	0	0	34	0	0	0	0	17	0	0	0	0	0	0	0	31	0	0	0	0	0	14	0	0	0	0	0	14	18	0	0	0	0	0	18	0	32	51	14	0	0	0	0	18	0	0	34	0	31	59	0	0	0	0	14	0	0	0	17	0	0	31	0	0	56	0	64	0	51	0	17	0	0	0	0	0	0	0	14	0	17	0	17	0	0	0	0	14	0	0	0	17	0	0	0	0	0	0	0	0	0	14	18	0	0	0	0	0	0	0	0	0	0	0	0	28	0	0	0	0	28	0	0	17	0	28	0	45	0	0	0	0	28	0	14	0	0	0	0	0	0	0	0	0	14	0	14	0	14	0	17	0	0	17	0	0	0
	0	0	0	0	0	0	0	0	0	0	0	0	0	0	0	0	0	14	0	0	0	0	0	0	0	0	0	14	0	0	0	0	0	0	0	0	0	0	0	0	0	14	0	0	0	0	0	0	0	0	0	0	0	0	0	0	0	0	0	14	0	0	0	0	14	14	0	0	0	0	0	0	0	0	0	0	0	0	0	0	0	0	0	0	0	0	0	14	0	14	0	0	0	0	0	0	0	0	0	0	0	0	0	0	0	0	0	0	0	0	0	0	0	0	0	0	0	0	0	0	0	0	0	0	0	0	0	0	0	0	0	0	0	0	0	14	14	0	14	0	0	0	0	0	0	0	0	0	0	0	0	0	0	0	0	0	0	14	0	0	0	0	0	0	0	0	0	0	0	0	0	0	0	0	0	15	0	0	0	0	0	0	0	0	0	0	0	0	0	0	14	14	0	0	0	14	0	0	0	0	0	0	0	0	0	0	14	0	0	0	14	0	0	14
	0	0	0	0	0	0	0	17	0	0	0	0	0	36	0	0	0	0	0	0	0	0	0	0	0	0	0	0	17	0	0	0	0	0	0	0	0	0	0	0	0	0	0	0	17	0	0	0	0	0	0	0	14	0	0	0	17	0	14	0	0	0	18	0	17	0	0	0	0	0	0	0	17	0	0	0	52	0	0	0	0	0	0	0	17	0	0	0	0	0	0	0	0	0	0	17	0	0	17	0	0	0	14	0	0	0	17	0	0	31	0	0	0	0	0	0	0	0	0	0	0	17	0	16	0	0	0	0	0	0	14	0	0	0	0	0	0	17	0	0	0	0	34	0	34	0	0	0	0	0	0	0	35	0	17	0	0	0	0	18	0	0	0	31	0	0	0	18	18	0	0	0	0	17	0	18	0	0	0	0	0	0	17	17	0	0	0	0	0	0	0	17	0	0	0	0	0	0	0	48	0	0	14	0	0	0	0	17	0	0	0	17	0	0
	1	0	0	0	17	0	14	0	0	31	0	17	0	36	0	0	0	68	0	0	0	0	0	0	0	0	17	0	0	0	68	15	17	0	0	0	0	0	0	0	0	0	0	14	15	0	17	0	28	0	0	17	0	0	0	0	34	0	14	18	17	0	33	0	17	0	0	0	0	0	0	17	0	0	0	0	18	0	0	0	31	0	0	0	0	0	0	0	0	17	0	0	0	0	0	0	17	15	15	0	0	0	0	34	0	0	14	0	0	14	0	31	0	0	0	14	0	0	0	0	0	17	0	16	17	0	0	0	0	0	0	0	0	0	17	62	49	17	17	0	0	0	0	0	0	0	0	0	0	17	0	0	18	15	0	0	0	14	0	18	0	17	0	0	0	0	31	175	18	0	0	0	17	32	0	49	0	0	0	0	0	0	28	0	0	0	0	17	0	0	0	34	34	0	0	0	0	17	0	49	0	0	0	17	0	34	0	0	0	14	0	0	0	0
	0	0	0	0	0	0	68	0	0	0	0	17	0	0	0	0	17	34	0	0	0	0	0	0	0	0	0	17	0	17	14	0	0	0	14	17	0	0	0	17	0	0	0	0	0	0	14	0	0	0	0	0	0	0	0	0	0	0	17	0	17	17	0	0	0	0	0	0	0	14	0	0	102	0	0	0	51	18	17	14	0	0	0	45	18	17	17	0	0	0	0	0	0	17	0	0	0	14	17	0	0	0	0	0	0	0	0	0	31	17	0	0	0	0	0	17	0	0	31	0	0	17	14	16	0	0	0	0	0	0	0	0	0	0	0	0	17	0	0	0	0	0	0	0	0	0	0	0	0	17	0	0	0	0	0	0	0	35	0	0	0	0	17	0	0	0	17	0	0	0	0	17	0	17	0	17	0	0	0	0	0	0	17	0	0	0	0	0	0	0	0	17	0	0	28	0	0	0	0	0	0	0	0	0	0	0	0	0	0	17	0	17	14	0
	0	62	14	0	0	56	28	0	17	73	0	28	143	31	0	14	0	172	0	0	31	14	0	46	0	35	45	46	0	0	107	0	14	0	14	28	14	0	0	0	59	76	0	111	45	0	0	17	14	0	0	31	18	28	0	0	73	0	17	18	31	34	0	0	28	34	0	17	42	0	0	28	101	0	0	0	0	0	17	28	87	14	0	0	0	42	17	0	28	110	0	14	14	0	0	0	0	14	46	17	0	31	0	28	0	42	28	0	0	14	0	0	0	0	0	45	14	0	115	14	0	73	0	95	17	14	18	14	0	0	0	0	48	14	14	14	79	14	80	0	17	0	31	0	45	0	73	0	45	31	0	14	0	42	0	0	0	34	59	0	31	93	28	45	0	17	45	0	0	0	0	0	17	82	0	59	183	14	0	18	0	17	28	17	73	17	0	14	14	0	14	149	0	18	0	45	0	69	0	42	0	0	31	52	0	14	0	14	0	0	14	17	14	0
	0	0	14	0	0	0	0	0	0	17	0	0	17	0	0	0	0	17	0	0	0	0	0	0	0	0	0	0	0	0	0	0	0	0	0	14	0	0	0	0	0	0	0	17	0	0	0	0	0	0	0	0	0	0	0	0	0	0	0	0	0	0	0	0	0	17	0	0	0	0	0	0	0	0	0	0	0	0	17	0	17	0	0	0	0	17	17	0	0	15	0	0	0	0	0	0	0	0	0	0	1	0	0	0	0	17	0	0	0	0	0	17	0	1	0	51	0	0	0	0	0	0	0	16	34	15	0	0	0	0	0	0	0	0	0	0	0	0	0	0	0	0	0	0	28	0	0	0	0	0	14	18	0	0	0	0	0	0	0	0	0	0	0	0	0	0	14	0	0	0	0	0	0	0	0	0	0	0	0	0	0	14	0	0	0	0	0	0	0	0	17	0	0	0	0	0	0	17	0	0	0	0	0	0	0	0	0	0	0	0	0	0	0	0
	0	0	0	0	0	14	18	0	0	0	0	0	14	0	0	0	0	0	18	0	0	0	18	17	0	0	0	34	17	0	14	0	0	0	0	0	0	0	18	0	0	0	0	0	0	0	0	0	0	0	0	0	0	0	0	18	0	0	0	0	0	0	0	0	0	0	18	18	0	0	0	0	0	0	0	0	17	0	0	0	0	0	18	0	18	0	0	0	0	0	18	0	0	0	18	0	0	0	0	0	0	0	0	0	0	0	0	0	0	0	0	0	18	18	18	0	0	0	0	0	0	0	0	0	0	0	14	0	18	18	0	0	0	0	0	0	0	0	0	0	0	0	0	0	0	0	0	0	0	0	0	0	17	0	18	0	0	0	0	0	0	0	0	0	18	0	17	70	0	0	18	0	0	17	18	0	0	0	14	0	0	0	0	0	64	0	0	18	0	0	0	0	0	0	0	0	0	0	0	0	0	0	0	0	0	0	0	0	0	14	0	0	0	18
	0	0	0	0	14	0	0	0	0	0	0	0	0	0	0	14	0	0	0	0	0	0	0	0	0	0	0	0	0	0	0	0	0	0	0	0	0	14	0	0	0	0	0	0	0	0	0	14	0	0	0	0	0	0	0	0	0	0	0	0	0	0	0	0	0	0	0	0	0	0	0	0	0	0	0	0	0	0	0	0	0	0	0	0	0	0	0	14	0	0	0	0	0	14	0	0	0	0	0	0	0	0	0	0	0	0	0	0	0	0	0	0	0	0	0	0	0	0	0	0	0	0	0	0	0	0	0	0	0	14	0	0	0	0	0	0	0	0	0	0	0	0	0	0	0	0	0	0	0	0	0	18	0	0	0	0	0	0	0	14	0	0	0	0	0	0	0	0	0	0	0	0	14	0	0	0	0	0	0	0	0	0	0	0	0	0	0	0	0	14	0	0	0	0	0	0	0	0	0	0	0	0	0	14	0	0	0	0	0	0	14	0	0	0
	0	62	0	0	0	48	17	17	0	31	0	32	51	14	0	17	0	31	0	0	31	17	0	17	0	17	31	0	0	34	31	14	31	0	14	0	32	17	14	0	0	0	18	17	14	0	0	0	42	0	0	34	0	18	17	0	17	0	31	31	17	0	0	0	49	17	17	79	17	0	18	59	28	18	0	31	0	17	0	0	0	0	0	0	0	0	17	51	0	68	0	0	18	0	34	0	0	0	17	0	0	0	0	0	0	0	68	0	0	14	0	34	0	0	0	99	0	0	17	17	18	45	0	48	34	17	0	0	0	0	17	17	0	17	0	0	82	17	28	51	17	0	17	0	34	0	14	0	17	0	0	0	0	14	0	0	48	0	0	0	0	51	14	14	0	34	0	0	0	0	0	0	0	51	0	34	0	0	0	0	51	14	62	14	31	0	0	0	0	0	0	17	0	0	18	34	17	17	0	31	17	0	0	28	0	15	0	0	0	35	17	0	0	0
	0	0	0	0	0	0	0	0	0	17	0	0	0	0	0	0	0	17	0	17	0	0	0	0	0	18	0	0	17	0	0	0	0	0	0	0	0	14	14	0	0	0	0	0	0	0	17	0	14	0	0	14	18	0	17	0	17	0	0	0	0	0	0	0	0	0	17	0	0	0	0	0	17	0	0	0	0	0	17	14	17	0	0	0	0	0	0	14	0	0	0	0	0	0	0	0	0	0	36	0	0	0	0	0	0	17	0	0	0	0	0	0	0	0	0	0	0	0	0	0	0	0	0	0	0	0	18	0	0	0	0	0	0	0	0	0	0	0	0	14	0	0	14	0	0	0	0	0	0	31	0	0	0	0	0	0	0	0	0	0	0	0	0	0	0	0	0	0	0	0	0	0	0	0	0	0	18	0	0	18	17	0	0	0	0	0	0	0	0	0	17	0	0	18	0	17	0	18	0	34	0	0	0	18	0	0	0	0	0	0	0	17	0	0
	0	0	0	0	0	17	0	0	0	17	0	0	14	17	0	0	18	0	0	0	0	0	0	0	0	0	34	17	0	17	17	0	0	0	0	0	0	34	0	0	0	0	0	52	34	18	0	0	0	0	17	0	0	0	0	0	0	0	0	0	0	0	0	0	34	0	0	0	0	0	0	0	0	0	0	0	0	0	0	0	17	0	0	0	34	0	0	0	0	0	0	0	0	0	0	34	18	0	0	0	0	0	0	0	17	0	34	0	0	0	0	14	0	0	0	31	0	18	0	17	0	0	0	0	17	34	0	0	0	0	0	0	17	31	14	0	0	17	0	17	0	0	0	0	17	0	0	0	0	0	0	0	0	0	0	0	0	0	0	0	0	0	0	0	0	0	0	0	0	0	0	18	0	0	0	0	0	34	0	0	0	0	14	0	0	0	0	0	0	0	0	0	0	0	0	0	0	0	0	0	0	0	14	0	0	0	0	0	0	0	0	0	0	0
	17	0	0	0	0	14	0	17	0	0	0	0	0	0	0	17	17	0	34	0	0	0	0	0	0	0	0	0	0	0	0	17	0	0	0	0	0	0	0	17	0	0	0	17	0	0	14	14	0	0	0	0	15	0	17	0	0	0	0	0	0	0	0	0	0	14	0	0	0	0	0	0	14	0	0	0	0	0	17	0	17	0	0	0	17	0	0	0	0	0	0	0	0	0	0	0	0	0	0	0	0	0	14	34	0	0	0	0	34	0	0	0	0	0	0	17	0	0	0	0	0	0	0	0	0	0	17	0	0	0	0	0	0	0	0	0	0	0	0	0	0	0	0	0	14	0	0	0	0	17	14	0	0	0	0	0	0	0	0	0	0	0	0	14	0	17	34	0	0	0	0	0	0	0	0	0	0	0	0	64	34	0	0	0	0	0	0	0	0	0	34	0	0	0	0	0	0	0	14	0	0	0	0	14	0	0	0	17	0	17	0	0	0	0
	0	14	14	0	14	0	14	0	0	17	0	0	34	0	0	0	0	48	0	0	0	0	0	0	0	0	17	14	17	0	17	0	17	0	31	17	0	0	0	14	0	0	0	14	0	0	0	0	0	0	0	17	0	14	31	0	14	0	14	0	0	0	0	0	0	17	0	17	0	0	0	0	28	0	0	17	0	18	0	0	0	0	0	0	0	0	0	34	0	45	0	0	14	34	0	17	0	28	17	0	0	31	0	0	14	0	17	0	34	31	0	14	0	0	0	17	0	0	0	28	0	0	0	16	34	17	0	0	0	78	14	0	34	0	14	0	0	17	31	0	14	0	17	0	17	45	0	0	0	14	0	0	59	0	34	0	0	0	0	17	17	0	0	0	0	0	28	14	0	0	0	14	17	0	0	0	0	0	0	0	17	0	14	14	0	0	0	0	14	0	17	0	0	0	0	31	0	0	0	60	0	0	31	0	0	0	0	17	0	0	0	0	17	0
	14	0	17	0	14	0	17	0	0	0	0	0	0	0	0	0	14	0	0	0	31	0	0	0	0	0	0	0	0	0	14	14	31	0	0	0	0	0	0	14	14	0	0	14	0	0	0	0	0	0	0	0	0	0	0	0	0	0	0	0	0	0	14	0	0	0	0	0	0	0	0	0	34	0	0	0	0	123	0	0	0	0	0	0	18	0	0	17	0	0	0	17	0	0	0	0	0	0	0	0	0	0	0	0	0	0	82	0	0	0	0	31	0	34	0	17	0	0	14	0	0	14	0	16	0	0	0	0	0	0	0	0	0	31	0	0	0	0	0	0	0	0	0	0	0	28	0	0	0	31	0	0	0	0	0	0	0	18	0	28	0	0	0	0	0	14	34	14	0	0	0	0	0	17	0	14	0	0	0	0	0	0	0	31	0	0	0	0	0	0	0	0	0	0	0	0	0	0	0	17	0	0	14	0	0	0	0	0	0	0	0	0	0	0
	0	14	17	18	0	0	0	0	17	0	0	0	0	14	0	0	34	14	0	18	0	0	0	0	0	0	0	0	0	0	0	0	0	0	0	0	0	17	0	17	0	0	0	35	17	0	0	0	0	0	0	0	18	0	0	0	0	0	0	0	0	0	0	0	0	0	0	0	14	0	0	0	28	0	0	0	17	0	48	0	17	0	14	0	35	0	0	31	0	31	0	0	0	0	0	0	0	0	0	0	0	0	18	0	17	17	34	0	0	0	0	17	0	0	0	17	0	0	14	0	0	0	0	0	17	0	0	0	0	0	15	18	0	17	14	17	0	0	34	0	0	0	17	0	0	0	0	0	0	17	0	0	0	0	0	0	0	0	0	0	0	0	0	0	0	0	17	0	0	0	0	0	0	0	0	0	0	17	0	0	17	0	0	17	14	0	0	0	0	0	0	0	0	0	0	0	18	0	0	0	0	0	0	0	0	0	0	17	0	17	0	0	0	0
	14	0	31	0	14	45	14	51	0	34	0	0	0	14	0	0	49	17	0	0	14	17	0	68	0	0	0	0	0	0	144	0	0	0	0	0	0	0	0	17	14	0	0	86	0	18	14	14	17	0	0	0	0	0	0	0	34	0	14	1	17	17	0	0	14	51	0	17	34	0	0	0	85	0	0	17	0	0	0	14	0	0	17	45	0	0	0	0	0	34	0	0	0	14	0	0	97	0	0	0	0	0	0	0	34	17	34	0	14	17	0	0	17	0	17	17	0	36	34	17	0	17	0	64	34	0	0	0	0	0	17	0	0	0	17	0	17	17	34	17	79	0	17	0	51	17	17	0	0	14	0	17	0	0	0	0	0	0	0	0	0	17	0	0	17	0	17	0	0	0	0	18	0	0	0	17	0	0	0	0	31	0	17	0	51	17	45	0	0	17	0	34	0	0	17	34	93	17	0	0	0	0	17	28	0	0	82	0	14	0	0	17	0	0
	0	0	0	0	0	31	18	0	0	17	0	0	14	17	0	0	0	0	18	0	0	0	18	0	0	0	17	0	0	0	0	0	0	0	0	0	0	0	18	0	0	14	0	0	0	0	0	0	0	0	0	0	0	0	0	18	0	0	14	17	0	0	0	0	0	0	18	49	0	0	0	0	0	0	0	0	0	0	0	0	0	0	18	0	49	0	0	0	0	17	18	0	0	14	49	0	0	0	0	0	0	0	0	0	0	0	0	0	0	0	0	0	18	18	18	14	0	0	0	14	0	0	0	0	0	0	0	0	18	18	0	0	0	0	0	0	0	0	0	0	0	0	0	0	0	0	0	0	0	0	0	0	0	0	18	0	0	0	0	0	0	0	0	0	18	0	0	36	0	0	18	0	0	0	18	0	0	0	0	0	0	0	0	0	18	0	0	18	0	0	0	14	0	0	0	0	0	17	0	0	0	0	0	0	0	0	0	0	0	0	0	0	0	18
	0	0	0	18	0	0	0	0	0	0	18	0	0	0	17	0	0	0	0	18	0	0	0	17	18	0	0	0	0	28	0	0	18	18	0	0	0	0	0	17	0	0	0	0	0	18	0	0	0	18	36	0	17	0	0	0	0	18	0	0	0	0	0	18	0	28	0	0	17	0	0	0	0	18	0	0	36	0	0	0	0	0	0	0	0	0	0	0	0	0	0	0	0	0	0	0	62	0	17	0	0	0	0	0	0	0	0	18	0	0	18	17	0	0	0	0	0	0	17	17	0	0	0	16	0	0	0	0	0	0	18	0	0	0	0	0	31	0	0	0	0	18	0	18	17	0	0	18	0	0	0	0	0	0	0	18	0	0	0	0	0	0	0	0	0	0	0	0	0	18	0	0	0	34	0	17	18	0	0	36	0	0	0	0	0	0	0	14	0	0	0	0	0	17	0	0	0	0	0	17	0	0	18	0	0	18	0	14	18	0	0	0	0	0
	0	0	0	0	0	0	14	0	0	0	0	0	14	0	0	0	0	17	0	0	0	0	0	14	0	0	14	0	0	0	0	0	0	0	0	0	0	0	0	0	0	0	0	0	0	0	14	0	0	0	0	0	0	0	14	0	0	0	28	0	0	0	0	0	0	14	14	0	0	0	0	0	0	0	14	0	0	0	0	0	0	0	0	0	0	0	0	0	0	0	0	0	0	0	0	0	0	0	0	0	16	0	0	0	0	0	0	0	48	31	0	0	0	0	0	14	0	0	0	14	15	0	0	16	0	14	0	0	0	0	17	0	0	0	0	0	14	31	0	0	0	0	14	0	28	0	0	0	0	31	0	18	0	0	0	0	0	0	0	0	0	0	0	17	0	14	0	0	0	0	0	0	0	17	0	0	0	0	0	0	17	0	0	0	0	0	0	0	0	0	0	0	0	0	28	0	0	0	0	0	0	0	17	0	0	0	0	0	0	17	0	17	0	0
	17	0	0	0	17	0	35	17	0	0	0	0	14	0	0	0	0	17	18	0	0	0	18	17	0	0	17	0	0	17	0	0	0	0	0	0	0	0	18	0	0	0	0	0	34	0	0	0	0	0	0	14	0	0	0	18	0	0	14	0	0	17	0	0	14	0	18	18	0	0	17	0	17	0	0	34	0	0	17	17	0	0	18	0	18	0	17	0	0	0	18	0	0	0	18	0	0	0	17	0	0	0	0	17	0	0	34	0	0	0	0	17	18	18	81	14	0	0	0	0	0	0	0	80	14	0	0	0	18	18	0	0	31	0	0	17	0	17	17	0	14	31	0	0	17	0	17	0	0	17	0	0	0	0	50	0	0	0	0	14	0	48	0	17	18	0	0	36	0	0	18	0	0	0	18	0	0	0	0	0	17	0	0	0	18	0	0	18	0	0	0	0	17	0	0	51	0	0	0	0	0	14	0	0	0	0	0	34	0	14	17	0	0	18
	0	0	0	0	0	0	0	14	0	0	0	0	18	0	18	17	0	34	0	0	0	0	0	14	0	0	0	0	0	0	0	0	0	0	0	0	0	0	0	14	0	0	0	17	0	0	0	0	0	0	0	14	18	0	0	0	17	0	0	1	0	0	0	0	0	14	0	0	17	18	0	18	14	0	18	17	0	18	0	14	0	18	0	0	0	0	0	17	14	17	0	0	0	0	0	0	0	17	14	18	31	0	0	0	0	0	17	0	0	0	0	0	0	0	0	0	18	0	17	0	14	0	18	16	51	0	0	0	0	0	0	0	34	0	0	0	0	17	14	0	17	0	0	0	17	18	14	0	0	17	0	0	0	0	0	0	0	0	34	0	0	0	0	0	0	0	0	0	18	0	0	0	0	17	0	0	0	31	18	0	14	35	17	0	17	0	0	0	0	0	14	0	0	0	0	34	18	0	14	17	18	18	14	0	18	0	0	0	0	0	0	0	0	0
	0	0	0	118	0	0	0	0	0	0	0	0	17	17	0	17	0	17	0	18	0	0	0	0	0	0	17	0	0	0	0	0	0	0	0	0	17	0	0	31	0	0	17	18	17	0	0	0	17	0	0	17	36	0	0	0	0	0	0	0	0	0	0	0	17	0	0	0	0	0	0	0	82	0	0	0	0	0	0	34	0	0	0	0	18	0	0	0	0	17	0	0	0	0	0	0	0	0	34	0	0	0	66	17	0	0	0	0	34	0	0	0	0	0	0	17	0	0	0	0	0	0	0	0	0	0	0	0	0	0	0	18	0	0	0	0	0	0	17	0	0	0	0	0	0	0	0	0	0	17	0	0	0	0	0	0	0	0	17	0	17	0	0	0	0	0	17	0	0	0	0	0	0	0	0	0	0	0	0	0	0	0	0	0	17	0	34	0	0	0	0	0	0	0	17	0	52	0	0	0	0	0	0	0	0	0	0	0	0	0	0	0	0	0
	0	0	0	18	0	0	0	0	0	0	51	0	0	0	0	0	15	17	0	18	0	0	0	0	18	0	0	0	17	0	34	0	18	18	0	0	0	0	0	0	17	15	0	0	0	18	0	0	0	18	53	0	16	0	0	0	0	18	0	0	0	0	0	18	0	0	0	0	0	0	0	0	0	18	0	0	36	0	0	0	0	0	0	0	0	0	0	17	0	0	0	0	0	0	0	0	0	0	0	0	0	17	0	0	0	0	0	18	0	0	18	0	0	0	0	0	0	0	0	0	0	0	0	0	0	0	0	0	0	0	18	0	0	0	0	0	0	15	0	0	0	18	0	18	17	0	0	18	0	15	0	0	0	0	0	18	0	0	0	17	0	0	0	0	0	0	0	0	0	18	0	0	0	0	0	0	18	0	0	36	0	0	0	0	0	0	0	0	30	0	0	14	0	15	0	0	0	0	0	34	0	0	18	0	0	18	0	0	18	0	0	0	0	0
	17	0	0	0	0	17	0	0	0	0	0	0	0	0	0	0	18	0	0	0	0	17	0	0	0	0	17	0	0	0	17	0	0	0	0	0	0	0	0	14	0	0	0	18	17	18	0	0	0	0	0	0	0	0	0	0	0	0	0	0	0	0	0	0	0	17	0	0	0	0	0	0	0	0	0	0	0	0	0	17	0	0	0	0	0	0	0	34	0	17	0	0	0	0	0	0	18	0	0	0	0	0	31	0	17	0	0	0	34	0	0	0	0	0	0	17	0	18	17	0	0	0	0	32	0	0	0	0	0	0	0	0	0	17	0	0	0	0	0	0	0	0	0	0	0	0	0	0	0	0	0	0	0	0	0	0	0	0	0	0	0	0	0	0	0	0	0	0	0	0	0	18	0	0	0	0	0	0	0	17	17	0	0	0	0	0	0	0	0	0	0	0	0	0	0	0	14	0	31	0	0	0	0	0	0	0	0	0	0	0	0	0	0	0
	0	0	0	0	0	17	0	0	17	0	0	14	17	0	0	0	0	17	0	0	0	0	0	17	0	0	34	0	0	17	34	0	0	0	0	0	0	0	0	14	0	0	0	0	0	0	0	0	0	0	0	17	17	0	0	0	17	0	17	0	17	0	0	0	0	17	0	0	0	0	0	14	14	14	0	34	14	18	0	0	17	0	0	0	52	0	0	0	0	82	0	0	0	0	0	0	0	14	28	0	0	0	0	0	17	0	0	0	14	17	0	62	0	0	0	17	0	0	0	17	0	14	0	16	0	0	0	0	0	0	0	0	0	17	0	14	0	34	14	0	14	0	17	0	0	0	51	15	0	31	0	0	0	0	0	0	0	35	0	0	0	0	14	0	0	0	0	14	0	0	0	0	0	62	0	0	0	0	0	0	17	0	14	0	34	0	0	0	0	14	0	0	0	0	0	17	0	0	0	17	0	0	0	0	0	0	0	0	17	17	0	0	0	0
	0	0	0	0	0	0	0	17	0	0	0	0	35	17	86	0	0	34	0	0	0	0	0	0	0	0	0	0	0	0	34	0	0	0	0	0	0	0	0	0	0	0	0	0	0	0	34	0	0	0	0	0	69	0	17	0	34	0	14	0	65	0	0	0	0	31	0	0	0	18	0	18	48	0	18	0	17	18	0	48	0	18	0	0	0	0	0	34	14	0	0	0	0	0	17	17	0	0	0	18	0	0	0	0	17	0	0	0	0	17	0	0	0	0	0	17	18	0	0	31	0	17	18	32	0	0	0	0	0	0	0	0	0	0	0	17	0	0	17	0	0	0	0	0	51	18	0	0	0	48	14	0	0	0	0	0	0	0	17	17	0	0	0	0	0	0	0	0	18	0	0	0	0	17	0	0	0	0	18	0	0	18	17	0	0	0	0	0	0	0	0	17	0	0	0	0	98	0	34	82	18	36	0	14	18	0	0	0	0	17	17	0	0	0
	0	0	14	0	17	17	0	0	0	17	0	0	34	34	0	0	0	68	17	0	17	0	0	0	0	18	17	0	17	0	31	0	0	0	0	0	0	28	0	28	0	0	0	0	17	0	0	14	0	0	0	0	33	0	0	0	0	0	0	17	0	0	0	0	0	28	0	0	0	0	51	0	48	0	0	0	0	0	0	31	0	0	0	14	0	0	0	34	0	34	0	0	17	0	0	0	0	0	18	0	0	0	14	0	0	0	34	0	0	0	0	0	0	0	0	17	0	0	14	34	0	0	0	32	34	0	18	14	0	0	0	0	0	0	0	0	0	0	0	0	0	0	17	0	17	0	14	0	17	51	0	0	0	0	0	0	0	0	0	0	0	31	0	0	0	0	34	0	0	0	0	0	0	0	0	0	18	0	0	98	17	0	0	0	0	0	0	0	0	0	0	0	0	18	0	17	48	18	14	51	0	0	31	18	0	0	0	0	0	17	0	0	0	0
	0	0	0	0	0	28	0	0	18	0	0	0	14	0	0	17	0	0	0	0	18	0	0	0	0	0	0	0	0	31	0	0	0	0	0	0	0	0	0	0	0	0	0	0	0	0	0	14	0	0	0	0	0	0	0	0	0	0	14	0	0	0	0	0	0	0	0	0	0	0	70	0	28	0	0	0	0	0	0	17	0	0	0	0	0	18	0	17	0	17	0	18	0	18	0	0	0	0	0	0	18	0	28	0	0	0	0	0	0	0	0	0	0	0	0	14	0	0	0	0	0	0	0	0	17	0	0	0	0	0	14	0	0	0	0	0	0	0	0	0	0	14	0	0	0	0	0	0	0	0	0	0	0	0	0	0	0	0	0	49	0	0	0	0	0	0	0	0	0	0	0	14	0	0	0	0	0	0	0	0	0	0	0	0	0	0	0	0	0	14	0	0	0	0	0	42	0	0	0	17	0	0	17	0	0	0	0	0	0	17	0	0	0	0
	0	0	0	18	0	0	0	0	0	0	18	0	0	0	0	0	0	17	0	18	0	0	0	0	18	0	0	0	0	0	0	0	18	18	0	0	0	0	0	0	17	0	17	17	0	18	0	0	0	18	36	0	0	0	0	0	49	18	0	0	0	0	0	18	0	0	0	0	0	0	0	0	0	18	0	0	36	0	0	0	0	0	0	0	0	0	0	0	0	17	0	0	0	0	0	0	0	0	0	0	0	0	0	0	0	0	0	18	0	0	18	0	0	0	0	0	0	0	0	45	0	0	0	16	0	0	0	0	0	0	18	0	0	0	0	0	0	0	0	0	0	18	0	67	15	0	0	18	0	34	0	0	0	0	0	18	0	0	0	0	0	0	0	0	0	0	15	0	0	18	0	0	15	0	0	0	36	0	0	36	0	0	0	0	0	0	0	0	0	0	0	0	0	0	0	0	0	0	0	0	0	0	18	0	0	18	0	0	18	0	0	14	0	0
	0	0	0	18	0	0	0	0	0	0	18	0	0	0	0	0	0	0	0	18	0	0	0	0	18	0	0	0	0	0	0	0	18	18	0	0	0	0	0	0	0	14	0	0	0	18	0	0	0	18	36	0	0	0	0	0	0	35	0	0	0	0	0	18	0	0	0	0	0	0	0	0	0	18	0	0	36	0	0	0	0	0	0	0	0	0	0	17	0	0	0	0	0	0	0	0	0	0	0	0	0	0	0	17	0	0	0	18	0	0	81	0	0	0	0	0	0	0	0	0	0	0	0	16	0	0	0	0	0	0	18	0	0	0	0	0	0	17	0	0	0	18	0	18	0	0	0	18	0	0	0	0	0	0	0	18	0	0	0	0	0	0	0	0	0	0	0	0	0	18	0	14	0	0	0	0	18	0	0	36	0	0	0	0	0	17	0	0	17	0	0	0	0	0	0	17	0	0	0	0	0	0	18	0	0	18	0	0	18	0	0	0	0	0
	0	0	0	0	0	0	0	0	0	0	0	18	0	0	0	0	0	0	0	0	0	0	0	0	0	0	17	0	0	0	17	17	0	0	0	17	18	0	0	0	0	0	18	0	17	0	0	0	0	0	0	0	0	18	0	0	0	0	14	0	0	14	0	0	0	17	0	17	0	0	18	0	31	18	0	17	0	0	0	0	0	0	0	0	0	0	0	0	0	48	0	0	18	0	0	0	0	0	0	0	0	0	0	0	0	0	14	0	42	17	0	0	0	0	0	0	0	0	0	0	18	17	0	0	0	0	0	0	0	0	0	0	0	14	0	0	0	17	0	0	0	0	0	0	0	0	0	0	0	0	17	0	0	0	0	0	0	0	0	0	0	0	0	0	0	34	0	0	0	0	0	0	0	0	0	0	0	0	0	0	0	0	17	0	0	0	0	0	0	0	0	14	0	0	70	17	0	0	0	0	0	0	0	0	0	0	0	17	34	69	0	0	14	0
	0	0	34	42	0	0	0	0	0	17	0	0	17	0	0	17	14	17	14	0	0	0	0	17	0	18	0	0	0	0	34	0	0	0	0	0	0	34	0	62	0	0	0	34	0	17	0	0	0	0	0	0	53	0	0	0	0	0	0	14	0	0	0	0	0	34	0	0	0	0	0	0	0	0	0	0	0	0	0	17	0	0	0	17	0	0	0	0	0	17	0	0	0	0	0	0	0	0	18	0	0	0	17	0	0	0	17	0	0	0	0	0	0	0	0	0	0	0	45	17	0	0	0	16	0	0	18	0	0	0	0	17	0	0	0	0	0	0	0	0	14	31	0	0	0	0	17	0	0	0	0	0	0	0	0	0	0	0	0	0	0	31	0	0	0	0	0	0	0	0	0	0	0	0	0	0	18	0	0	67	0	0	0	0	0	34	0	0	0	14	0	0	0	18	0	0	96	18	0	0	0	0	17	18	0	0	0	17	0	0	0	0	0	0
	0	0	0	18	0	34	0	0	0	0	18	0	17	0	0	0	0	0	0	36	0	0	0	34	18	0	0	17	0	0	0	0	18	18	0	0	0	0	0	0	0	0	0	31	17	18	0	0	0	69	36	0	0	0	0	0	0	18	0	0	0	0	0	18	17	0	0	17	0	0	0	0	0	18	0	0	36	0	0	136	0	0	0	0	0	0	0	34	0	0	0	0	0	0	0	0	0	0	0	0	0	0	34	0	0	0	0	18	0	0	18	0	0	0	0	0	0	0	0	0	0	0	0	48	0	34	0	0	0	0	18	0	51	0	0	0	0	0	0	0	0	18	0	18	0	0	0	18	0	17	17	0	0	0	0	18	0	0	0	0	0	0	0	14	0	14	0	0	0	18	0	0	0	0	0	0	18	17	0	36	0	0	0	0	0	0	0	0	17	0	0	34	0	0	0	0	0	0	0	99	0	0	18	0	0	18	0	0	18	0	0	0	0	0
	0	0	0	0	0	0	0	0	0	0	0	0	0	0	0	0	0	0	0	0	0	0	0	0	0	18	0	0	0	17	0	0	0	0	0	14	0	17	0	14	0	0	0	0	17	0	0	14	0	0	0	0	32	14	0	0	0	0	0	0	0	0	0	0	0	0	0	0	0	0	14	0	14	0	0	0	0	0	0	14	0	0	0	0	0	0	0	0	0	0	0	0	0	0	0	0	0	0	18	0	0	0	0	0	0	0	0	0	0	0	0	0	0	0	0	0	0	0	0	0	0	0	0	16	0	0	67	0	0	0	0	0	0	0	0	0	0	0	0	0	0	0	0	0	0	0	0	0	0	0	0	0	0	0	0	0	0	0	0	0	0	17	0	0	0	0	0	0	0	0	0	0	0	17	0	0	18	0	0	35	0	0	0	0	0	0	0	0	0	14	0	0	0	18	0	0	1	18	0	0	0	0	0	80	0	0	0	14	0	0	0	0	0	0
	0	0	0	0	0	0	0	0	0	0	0	0	0	0	0	0	0	0	0	0	0	0	0	0	0	0	0	0	0	0	0	0	0	0	0	0	0	0	0	0	0	0	0	0	0	0	0	0	0	0	0	0	0	0	0	0	0	0	0	0	0	0	0	0	0	0	0	0	0	0	0	0	0	0	0	0	0	0	0	0	0	0	0	0	0	0	0	0	0	0	0	0	0	0	0	14	0	0	0	0	1	0	0	0	0	0	0	0	0	0	0	0	0	1	0	0	0	0	0	0	0	0	0	0	0	0	0	0	0	0	0	0	0	0	0	0	0	0	0	0	0	0	0	0	14	0	0	0	0	0	0	18	0	0	0	0	0	0	0	0	0	0	0	0	0	0	0	0	0	0	0	0	0	0	0	0	0	0	0	0	0	0	0	0	0	0	0	0	0	0	0	0	0	0	0	0	0	0	0	0	0	0	0	0	0	0	0	0	0	0	14	0	0	0
	17	0	17	0	0	0	35	17	0	0	0	0	17	14	0	0	0	51	18	0	0	0	18	0	0	0	85	0	0	17	48	0	0	0	0	0	0	0	18	0	0	0	0	34	0	0	0	34	17	0	0	0	17	0	0	70	0	0	14	0	0	34	0	0	0	34	18	18	0	0	31	0	17	0	0	0	0	0	0	17	0	0	18	68	18	0	0	17	17	34	84	0	0	0	18	0	0	0	0	0	0	0	34	0	0	0	0	0	0	0	0	0	18	18	18	0	0	0	17	17	0	17	0	64	0	0	17	0	18	18	0	0	17	17	0	17	17	17	0	17	0	0	0	0	0	0	0	0	0	0	0	0	0	34	18	0	0	0	17	0	0	0	0	0	18	0	17	36	0	0	18	0	0	51	18	0	0	0	0	0	17	0	17	0	35	0	17	18	0	0	0	17	0	0	0	0	31	17	17	0	0	0	0	0	0	0	0	0	0	0	0	17	0	18
	14	0	17	0	0	0	0	0	0	0	0	0	17	87	0	0	0	45	0	0	0	17	0	0	0	0	0	0	0	0	14	0	0	0	0	0	0	17	0	0	17	0	14	28	0	0	0	0	0	0	0	14	0	0	0	0	0	0	14	0	0	0	49	0	0	14	0	0	17	0	0	0	0	0	0	0	18	0	0	0	0	0	0	0	0	0	0	17	0	0	0	0	0	0	0	0	0	0	0	0	0	0	0	17	0	0	17	0	0	17	0	0	0	0	0	28	0	29	17	0	0	0	0	0	0	0	0	0	0	0	0	0	0	0	0	0	17	0	0	17	0	0	0	0	17	0	0	0	0	0	0	0	18	0	0	0	0	0	0	18	0	17	0	0	0	17	28	18	18	0	0	0	0	0	0	18	0	0	0	0	0	0	17	14	17	0	0	0	0	0	0	0	0	0	0	0	0	0	0	17	0	0	0	0	0	0	17	17	0	17	0	0	0	0
	14	0	0	0	0	0	0	0	0	0	0	18	0	0	0	0	0	0	0	0	0	0	0	0	0	0	0	0	0	0	0	0	0	0	14	0	35	0	0	0	0	0	35	0	0	0	0	0	0	0	0	0	0	18	0	0	0	0	0	0	0	0	0	0	0	0	0	0	0	0	18	0	0	18	0	0	0	0	14	14	0	0	0	0	0	0	0	14	0	0	0	0	18	0	0	0	0	0	0	0	0	0	0	0	0	0	0	0	0	0	0	0	0	0	0	0	0	0	0	0	18	0	0	0	0	14	0	0	0	0	0	0	0	0	0	0	0	0	0	0	0	0	0	0	0	0	0	0	0	0	0	0	0	0	0	0	0	0	0	0	0	0	0	0	0	0	14	0	0	0	0	0	0	0	0	0	0	0	0	0	0	0	0	0	0	0	0	0	0	0	0	0	0	0	18	0	0	0	0	0	0	0	0	0	0	0	0	0	0	18	0	0	0	0
	0	0	0	0	0	17	0	0	0	0	0	0	49	0	18	0	0	0	0	0	0	0	0	0	0	0	0	0	0	0	0	0	0	0	0	14	0	0	0	0	0	28	0	0	14	0	0	0	0	0	0	0	18	0	0	0	28	0	17	0	0	0	0	0	14	0	0	0	0	18	0	18	0	0	18	0	0	18	0	0	0	18	0	0	0	0	0	0	0	0	0	0	0	0	0	0	0	14	0	18	0	0	0	0	14	0	0	0	0	0	0	0	0	0	0	31	50	0	0	0	0	0	18	0	0	0	0	0	0	0	0	0	0	0	0	14	0	0	0	0	0	0	0	0	0	18	0	0	0	0	0	0	0	0	0	0	14	42	14	0	0	0	0	14	0	17	0	0	18	0	0	0	0	0	0	14	42	14	18	0	0	32	0	0	0	0	0	0	14	0	0	14	0	0	0	14	18	0	0	31	18	18	0	0	18	0	0	0	0	0	0	0	0	0
	0	31	0	18	0	0	0	0	0	0	18	0	0	42	0	0	0	0	0	18	0	0	0	0	18	0	0	0	0	0	0	0	18	18	0	0	0	17	0	14	42	0	0	0	0	35	0	0	0	18	36	0	0	0	0	0	0	18	0	0	0	0	0	18	0	0	0	0	0	0	0	0	42	18	0	0	36	0	0	0	0	0	0	0	0	0	0	0	0	34	0	0	0	0	0	34	0	0	0	0	0	0	14	0	0	0	0	18	0	0	18	0	0	0	0	0	0	0	0	14	0	0	0	32	0	0	0	0	0	0	50	0	0	0	0	0	0	0	0	0	0	18	0	18	0	0	0	18	0	0	0	0	0	0	0	18	0	0	0	14	0	0	0	0	0	0	0	0	0	18	0	0	0	0	0	0	18	0	0	36	0	0	0	0	14	0	0	0	0	0	0	0	0	0	0	0	0	0	0	0	0	0	50	0	0	18	0	0	18	0	0	0	0	0
	0	0	0	0	0	0	0	0	0	0	0	0	18	0	18	0	0	0	0	0	0	0	0	0	0	0	0	17	0	0	0	0	0	0	17	0	0	0	0	17	0	0	0	0	0	0	0	0	0	0	0	0	18	0	0	0	0	0	14	0	0	0	17	0	17	0	0	0	0	18	0	67	17	0	18	17	0	84	0	0	0	18	0	0	0	0	0	0	0	14	0	0	0	17	0	0	31	0	0	83	0	0	0	0	17	0	0	0	17	0	0	51	0	0	0	0	18	0	0	0	0	14	18	0	0	0	0	14	0	17	0	14	0	0	0	0	17	17	0	0	0	0	17	0	34	18	31	0	0	14	0	0	0	0	0	0	0	0	0	0	0	0	17	0	17	0	17	0	18	0	0	0	0	0	0	0	0	0	18	0	0	18	14	0	0	0	0	0	0	0	0	0	0	0	0	0	18	0	0	0	18	18	0	0	18	0	17	0	0	0	0	0	0	0
	0	0	17	18	0	0	17	0	17	0	18	0	0	0	0	0	0	0	0	18	0	0	0	0	18	0	0	0	0	0	0	0	18	18	0	17	0	0	0	0	0	0	0	0	0	18	0	0	0	50	36	0	0	0	0	0	0	18	0	0	0	0	0	18	0	0	0	0	0	0	0	0	0	18	0	0	36	0	0	0	0	0	0	0	0	0	0	0	0	0	0	0	0	0	0	0	0	0	14	0	0	0	0	0	0	0	0	18	17	0	18	0	0	0	0	0	0	0	0	0	0	0	0	0	0	0	14	0	0	0	18	0	0	0	0	0	0	17	0	0	0	18	0	18	0	0	0	18	0	0	0	0	0	14	0	50	0	0	0	0	0	0	0	0	0	0	0	0	0	18	0	0	0	0	0	0	18	0	0	36	0	0	0	0	0	0	0	0	0	0	0	0	17	0	0	0	0	0	0	0	0	0	18	0	0	18	0	0	18	0	0	0	0	0
	14	14	0	81	14	0	0	0	0	17	18	0	17	0	0	0	0	34	0	18	0	17	0	0	18	0	17	0	14	0	0	0	18	18	0	0	0	17	0	28	0	0	14	0	17	18	0	17	0	18	36	17	0	0	0	0	0	18	0	0	0	0	14	18	0	0	0	0	0	0	14	0	0	18	0	0	36	0	0	17	0	0	0	0	0	34	0	34	0	51	0	0	0	0	0	0	0	0	0	0	0	0	0	0	0	0	14	18	0	0	18	34	0	0	0	0	0	0	0	0	0	0	0	0	0	0	0	0	0	0	18	0	0	14	17	14	0	34	0	34	0	35	0	18	0	0	0	18	0	0	0	0	0	0	0	18	14	0	0	0	0	0	17	0	0	17	0	0	0	18	0	0	17	0	0	17	18	0	0	67	0	0	17	0	17	0	0	0	0	0	0	0	0	0	0	17	45	0	0	31	0	0	18	0	0	32	0	31	18	0	31	0	0	0
	0	0	0	0	0	0	0	0	0	0	0	0	0	0	0	17	0	17	0	0	0	0	0	0	0	18	0	0	34	0	14	0	0	0	0	0	0	0	0	31	0	0	0	0	0	0	0	0	0	0	0	0	18	0	0	0	0	17	0	0	0	0	0	0	0	0	0	0	0	0	34	0	0	0	0	0	0	0	0	14	0	0	0	0	0	0	0	51	0	0	0	0	0	17	0	0	0	0	18	0	0	0	0	0	0	0	17	0	0	0	0	17	0	0	0	34	0	0	34	17	0	0	0	0	0	0	18	0	0	0	0	0	0	17	0	0	0	17	17	0	0	0	0	0	0	0	0	0	0	17	0	0	0	0	0	0	0	17	0	0	0	0	0	0	0	0	0	0	0	0	0	0	0	17	0	0	18	0	0	18	17	0	0	0	0	0	0	0	0	0	17	0	0	18	0	0	0	35	0	34	0	0	0	32	0	0	0	17	0	0	0	0	0	0
	0	0	0	0	0	0	0	0	18	0	0	0	0	0	0	0	0	0	0	0	18	0	0	0	0	0	0	0	0	0	0	0	0	0	0	0	0	0	0	0	0	0	0	0	0	0	0	0	0	0	0	0	0	0	0	0	0	0	0	0	0	0	0	0	0	0	0	0	0	0	0	0	0	0	0	0	0	0	0	0	0	0	0	0	0	18	0	0	0	0	0	18	0	18	0	0	0	0	14	0	32	14	0	0	0	0	0	0	0	0	0	0	0	0	0	0	0	0	0	0	0	0	0	0	0	0	0	0	0	0	0	0	0	0	0	0	0	0	0	0	0	0	0	0	14	0	0	0	0	0	0	0	0	0	0	0	0	0	0	18	0	0	0	0	0	0	0	0	0	0	0	0	0	0	0	0	0	0	0	0	0	0	0	0	0	0	0	0	0	0	0	0	0	0	0	0	0	0	0	0	0	0	0	0	0	0	0	0	0	0	14	0	0	0
	17	0	0	0	0	51	0	17	0	0	0	0	18	0	168	0	0	100	0	0	0	0	0	0	0	0	0	0	0	0	32	0	0	0	0	0	0	0	0	0	0	0	0	0	0	0	0	0	0	0	0	0	82	0	15	0	17	0	0	0	0	51	0	0	0	0	0	0	51	18	0	18	15	0	18	0	0	18	0	0	0	18	0	0	0	0	17	17	17	17	0	0	0	0	0	32	34	0	52	18	0	0	0	0	17	34	17	0	0	17	0	0	0	0	0	51	18	0	0	0	0	0	18	0	0	17	0	14	0	0	0	0	0	17	0	83	0	0	66	0	34	0	0	0	15	18	0	0	17	0	0	0	0	0	0	0	17	0	0	0	17	17	17	0	0	0	0	0	18	0	0	0	0	0	0	0	0	17	18	0	14	18	34	0	0	0	0	34	0	0	0	15	0	0	0	34	52	0	17	32	52	18	0	0	18	0	0	17	0	15	0	0	0	0
	0	14	0	0	0	14	14	0	17	14	0	0	56	0	0	0	0	42	0	0	0	14	0	0	0	0	31	0	0	0	45	73	143	0	42	28	14	0	0	42	0	14	0	48	31	0	0	42	0	0	0	14	14	0	14	0	14	0	0	0	17	14	0	0	90	0	0	28	28	0	0	0	56	0	0	0	0	32	0	0	0	0	0	0	0	28	0	31	42	113	0	0	0	0	0	14	31	14	14	14	0	0	0	0	17	28	150	0	0	0	0	62	0	0	0	59	0	0	0	17	0	14	0	32	0	0	0	0	0	18	0	0	31	17	28	0	31	0	17	17	0	0	17	0	42	0	0	0	17	17	0	0	28	28	0	0	0	14	14	14	0	82	14	70	0	0	56	70	0	0	0	0	17	59	0	17	0	34	0	0	34	28	48	14	90	17	0	0	14	48	28	56	0	0	0	17	0	0	0	77	42	0	0	0	0	0	0	17	0	31	28	17	17	0
	0	0	0	0	0	0	0	14	0	0	0	0	0	0	0	0	0	0	0	0	0	0	0	0	0	18	0	0	0	0	0	0	0	0	0	0	0	0	0	0	0	14	0	0	0	0	0	0	0	0	0	0	18	0	0	0	0	0	0	0	0	0	0	0	0	0	0	0	0	0	0	0	0	0	0	0	0	0	0	0	0	0	0	0	0	0	0	0	0	0	0	0	14	0	0	0	28	14	18	0	0	0	0	0	0	0	0	0	0	0	0	0	0	0	0	14	0	0	0	0	0	0	0	0	0	0	18	0	0	0	0	0	0	0	0	0	0	0	0	0	0	0	0	0	14	0	0	0	0	0	0	0	0	0	0	0	0	0	0	0	0	0	0	0	0	0	0	0	0	0	0	0	0	0	0	0	18	0	0	18	0	0	0	0	0	0	0	0	0	0	0	0	0	18	0	0	0	18	0	0	0	0	0	18	0	0	0	0	0	0	14	0	0	0
	0	0	0	0	0	0	18	0	0	0	0	0	0	0	0	0	0	0	18	0	0	0	18	14	0	0	0	0	0	0	0	0	0	0	0	0	0	0	18	0	0	0	0	14	0	0	0	0	0	0	0	0	0	0	0	18	0	0	0	0	0	0	0	0	0	0	18	18	0	0	0	0	0	14	0	0	0	0	0	0	0	0	18	0	18	0	0	0	14	0	18	0	0	0	18	0	0	0	0	0	0	0	0	0	0	0	0	0	0	0	0	0	18	18	18	0	0	0	0	0	0	0	0	0	14	0	0	0	18	18	0	0	14	0	0	0	0	0	0	0	0	0	0	0	0	0	0	0	0	0	0	0	0	0	18	0	0	0	0	0	0	0	0	0	18	0	0	36	0	0	18	0	0	0	35	0	0	0	0	0	0	0	0	0	18	0	0	78	0	0	0	0	0	0	0	0	0	0	0	0	0	0	0	0	0	0	0	0	0	0	14	0	0	18
	0	0	0	0	0	0	0	0	0	0	0	31	65	0	17	0	18	34	0	0	0	0	0	0	0	0	0	0	0	34	0	0	0	0	0	34	0	0	0	14	0	14	0	18	0	50	0	0	0	0	0	0	14	0	0	0	0	0	0	0	0	17	0	0	0	0	0	17	14	0	14	0	17	0	0	0	0	0	0	28	0	0	0	31	0	0	0	0	0	17	0	0	0	0	0	0	18	0	0	0	0	0	14	0	0	0	51	0	0	17	0	0	0	0	0	0	0	18	0	0	0	34	0	0	0	0	28	0	0	0	0	0	0	0	0	17	0	0	0	0	0	0	0	0	17	0	28	0	0	48	14	0	0	14	0	0	0	0	28	17	0	14	0	0	0	0	45	0	0	0	0	18	0	14	0	14	0	0	0	28	34	0	34	14	17	0	0	0	0	0	0	14	0	0	0	0	0	14	14	0	0	0	17	0	0	0	17	0	0	14	0	0	0	0
	0	0	0	18	0	0	0	0	0	0	0	0	14	0	0	0	0	0	0	18	0	0	0	17	0	0	0	0	0	0	14	0	0	0	14	0	0	0	0	0	0	0	0	18	0	0	0	0	0	0	14	0	18	0	0	0	17	0	31	0	0	0	0	0	0	0	0	0	0	0	14	0	0	0	0	0	0	0	0	0	0	0	0	0	18	0	0	0	0	0	0	17	0	0	0	0	0	0	0	0	0	17	18	17	0	17	0	0	48	0	0	0	0	0	0	0	0	17	0	0	0	0	0	30	0	0	17	0	0	0	0	49	0	0	0	0	0	0	0	0	0	17	0	0	17	0	0	0	0	17	0	0	0	1	0	0	0	0	0	0	0	0	0	0	0	0	0	0	0	0	0	0	0	0	0	0	0	0	0	0	0	0	0	0	0	0	0	0	0	0	0	0	14	0	0	0	95	0	0	17	0	0	0	0	0	0	0	0	0	0	0	0	0	0
	17	17	31	69	0	0	0	0	17	0	18	0	0	0	0	0	0	34	0	18	0	0	0	0	18	0	0	0	17	31	0	0	18	18	0	0	0	0	0	45	31	14	0	17	0	18	17	0	17	18	36	68	51	0	0	0	0	18	14	0	0	0	17	18	0	0	0	17	0	0	17	0	34	18	0	0	36	0	17	0	0	0	0	0	0	0	0	34	0	17	0	0	0	0	0	0	0	0	0	0	0	34	0	0	0	17	45	18	0	0	18	31	48	0	0	17	0	0	48	31	0	17	0	0	17	0	0	17	0	17	18	0	0	51	0	34	0	0	34	0	14	18	34	18	51	0	0	18	14	31	0	0	80	17	0	18	0	0	0	14	14	17	0	0	0	0	68	0	0	18	0	0	0	14	0	17	18	0	0	70	34	0	0	0	17	0	0	0	0	17	17	0	0	0	0	0	14	0	0	34	0	0	18	14	0	35	0	17	18	0	17	14	0	0
	0	17	0	0	17	0	14	31	0	0	0	0	18	0	18	0	0	17	0	0	14	0	0	0	0	0	17	0	0	0	28	0	14	0	0	0	0	0	0	14	0	0	0	0	0	0	0	0	0	0	0	0	18	0	0	0	0	0	14	0	0	0	0	0	0	0	0	0	17	52	0	18	0	0	18	0	0	18	0	0	0	35	0	14	0	0	0	0	0	0	0	17	17	0	0	0	0	0	17	18	0	14	0	0	0	0	17	0	17	17	0	17	0	0	0	0	18	0	0	0	0	0	49	0	0	0	0	0	0	0	0	0	0	17	0	0	31	17	34	0	0	0	17	0	31	80	0	0	0	0	0	0	0	0	0	0	0	0	0	0	0	0	0	0	0	0	14	14	18	0	0	17	0	17	0	0	0	0	18	0	17	18	34	0	0	0	0	0	0	0	45	17	0	0	0	0	18	0	0	0	18	18	0	0	18	0	0	0	0	17	0	0	0	0
	0	0	0	0	0	0	0	0	0	17	0	0	28	0	0	0	0	0	0	0	0	0	0	0	0	0	0	0	17	0	17	0	0	0	0	17	0	0	0	0	0	0	0	0	0	0	0	0	0	0	0	0	0	0	14	0	0	0	14	0	0	0	17	0	0	0	0	0	0	0	0	0	0	0	0	0	0	0	0	14	0	0	0	0	0	0	0	0	0	0	0	0	0	0	0	0	0	0	0	0	0	0	0	0	0	0	0	0	28	0	0	0	14	0	0	0	0	0	0	0	17	0	0	0	0	0	0	0	0	14	0	0	0	0	0	0	0	0	0	0	0	0	0	0	0	0	0	0	0	28	0	0	0	0	0	0	0	0	0	0	0	0	0	0	0	0	0	0	0	0	0	0	0	0	0	0	0	0	0	0	0	0	0	0	0	0	0	0	0	0	0	0	0	0	0	0	0	0	0	0	0	0	0	0	0	0	0	0	0	0	0	0	0	0
	0	0	0	0	14	0	18	0	0	0	0	0	0	14	0	0	0	0	18	0	0	0	18	0	0	0	0	0	0	0	0	0	0	0	0	0	0	0	18	0	0	0	0	0	0	0	0	0	0	0	0	0	0	0	0	18	0	0	0	14	0	0	0	0	0	0	78	18	0	0	0	0	0	0	0	0	0	0	0	0	0	0	18	14	18	0	0	0	0	0	18	0	0	0	18	0	0	0	0	0	0	0	0	0	14	0	0	0	0	0	0	0	18	18	18	0	0	0	0	0	0	0	0	0	0	0	0	0	18	18	0	0	0	0	0	0	0	0	0	0	0	0	0	0	0	0	0	0	0	0	0	0	0	0	18	0	0	0	0	0	0	0	0	0	18	0	42	36	0	0	18	0	0	0	18	0	0	0	0	0	0	0	0	0	18	0	0	18	0	0	0	0	0	0	0	0	0	0	0	0	0	0	0	0	0	0	0	0	0	0	14	0	0	18
